"unitid","institution name","year","C2012_B.Grand total","C2012_B.Grand total men","C2012_B.Grand total women","C2012_B.American Indian or Alaska Native total","C2012_B.American Indian or Alaska Native men","C2012_B.American Indian or Alaska Native women","C2012_B.Asian total","C2012_B.Asian men","C2012_B.Asian women","C2012_B.Black or African American total","C2012_B.Black or African American men","C2012_B.Black or African American women","C2012_B.Hispanic or Latino total","C2012_B.Hispanic or Latino men","C2012_B.Hispanic or Latino women","C2012_B.Native Hawaiian or Other Pacific Islander total","C2012_B.Native Hawaiian or Other Pacific Islander men","C2012_B.Native Hawaiian or Other Pacific Islander women","C2012_B.White total","C2012_B.White men","C2012_B.White women","C2012_B.Two or more races total","C2012_B.Two or more races men","C2012_B.Two or more races women","C2012_B.Race/ethnicity unknown total","C2012_B.Race/ethnicity unknown men","C2012_B.Race/ethnicity unknown women","C2012_B.Nonresident alien total","C2012_B.Nonresident alien men","C2012_B.Nonresident alien women"
"100654","Alabama A & M University","2012","752","304","448","1","1","0","10","7","3","668","268","400","3","2","1","1","0","1","61","24","37","0","0","0","0","0","0","8","2","6"
"100663","University of Alabama at Birmingham","2012","4077","1543","2534","18","8","10","170","65","105","758","198","560","77","21","56","2","1","1","2757","1108","1649","37","18","19","85","38","47","173","86","87"
"100690","Amridge University","2012","138","77","61","0","0","0","2","1","1","42","14","28","4","2","2","0","0","0","68","47","21","0","0","0","22","13","9","0","0","0"
"100706","University of Alabama in Huntsville","2012","1493","754","739","26","9","17","49","21","28","159","49","110","22","11","11","1","0","1","1085","573","512","18","10","8","23","11","12","110","70","40"
"100724","Alabama State University","2012","789","273","516","0","0","0","0","0","0","735","256","479","1","0","1","0","0","0","44","13","31","1","0","1","6","4","2","2","0","2"
"100751","The University of Alabama","2012","6459","2806","3653","21","10","11","80","39","41","709","190","519","125","48","77","2","1","1","5281","2384","2897","35","11","24","11","5","6","195","118","77"
"100830","Auburn University at Montgomery","2012","874","289","585","4","2","2","37","13","24","251","57","194","16","6","10","0","0","0","544","205","339","10","3","7","12","3","9","0","0","0"
"100858","Auburn University","2012","5803","2900","2903","26","14","12","98","53","45","466","194","272","122","61","61","0","0","0","4745","2360","2385","0","0","0","52","33","19","294","185","109"
"100937","Birmingham Southern College","2012","338","152","186","4","2","2","17","7","10","21","11","10","6","1","5","0","0","0","281","126","155","5","1","4","4","4","0","0","0","0"
"101073","Concordia College Alabama","2012","44","16","28","0","0","0","0","0","0","42","14","28","0","0","0","0","0","0","1","1","0","0","0","0","0","0","0","1","1","0"
"101116","South University-Montgomery","2012","116","33","83","0","0","0","0","0","0","68","17","51","0","0","0","0","0","0","44","15","29","4","1","3","0","0","0","0","0","0"
"101189","Faulkner University","2012","764","272","492","5","1","4","6","2","4","332","71","261","7","2","5","4","1","3","358","176","182","9","3","6","38","14","24","5","2","3"
"101365","Herzing University-Birmingham","2012","187","64","123","0","0","0","1","0","1","115","30","85","4","3","1","0","0","0","55","31","24","7","0","7","5","0","5","0","0","0"
"101435","Huntingdon College","2012","248","99","149","0","0","0","0","0","0","41","19","22","1","0","1","0","0","0","152","64","88","0","0","0","53","16","37","1","0","1"
"101480","Jacksonville State University","2012","1694","616","1078","8","1","7","11","5","6","358","121","237","15","5","10","0","0","0","1140","410","730","0","0","0","94","39","55","68","35","33"
"101541","Judson College","2012","56","0","56","0","0","0","0","0","0","3","0","3","2","0","2","0","0","0","48","0","48","3","0","3","0","0","0","0","0","0"
"101587","University of West Alabama","2012","1136","202","934","5","2","3","4","1","3","461","66","395","9","1","8","2","2","0","646","127","519","2","1","1","2","0","2","5","2","3"
"101675","Miles College","2012","214","81","133","0","0","0","0","0","0","207","76","131","1","1","0","0","0","0","5","3","2","1","1","0","0","0","0","0","0","0"
"101693","University of Mobile","2012","345","110","235","9","4","5","2","0","2","90","13","77","0","0","0","0","0","0","220","84","136","1","0","1","19","6","13","4","3","1"
"101709","University of Montevallo","2012","623","165","458","4","1","3","5","1","4","105","21","84","5","3","2","0","0","0","450","125","325","0","0","0","53","13","40","1","1","0"
"101879","University of North Alabama","2012","1312","521","791","12","7","5","139","71","68","122","39","83","15","6","9","1","0","1","922","343","579","29","10","19","14","7","7","58","38","20"
"101912","Oakwood University","2012","341","120","221","1","0","1","1","0","1","281","103","178","3","0","3","0","0","0","20","1","19","0","0","0","10","3","7","25","13","12"
"102049","Samford University","2012","1170","479","691","9","2","7","15","5","10","70","25","45","16","4","12","0","0","0","995","409","586","3","3","0","47","26","21","15","5","10"
"102094","University of South Alabama","2012","2747","978","1769","18","5","13","64","20","44","350","91","259","55","27","28","11","8","3","2003","684","1319","10","4","6","68","25","43","168","114","54"
"102234","Spring Hill College","2012","340","132","208","3","0","3","4","2","2","48","17","31","21","8","13","0","0","0","248","100","148","1","0","1","11","1","10","4","4","0"
"102270","Stillman College","2012","135","40","95","0","0","0","0","0","0","131","40","91","0","0","0","0","0","0","0","0","0","0","0","0","4","0","4","0","0","0"
"102298","Talladega College","2012","85","33","52","0","0","0","0","0","0","83","33","50","0","0","0","0","0","0","2","0","2","0","0","0","0","0","0","0","0","0"
"102368","Troy University","2012","4930","1812","3118","50","22","28","50","24","26","1801","456","1345","149","66","83","4","3","1","2470","1058","1412","25","11","14","175","71","104","206","101","105"
"102377","Tuskegee University","2012","443","165","278","1","0","1","0","0","0","380","144","236","8","2","6","0","0","0","23","5","18","0","0","0","30","13","17","1","1","0"
"102553","University of Alaska Anchorage","2012","2197","872","1325","115","34","81","98","38","60","65","28","37","119","44","75","10","1","9","1526","616","910","134","46","88","89","44","45","41","21","20"
"102614","University of Alaska Fairbanks","2012","1259","563","696","174","46","128","31","16","15","27","11","16","56","30","26","4","2","2","762","353","409","63","24","39","82","43","39","60","38","22"
"102632","University of Alaska Southeast","2012","493","185","308","39","15","24","9","2","7","4","2","2","19","8","11","4","2","2","346","120","226","17","7","10","52","28","24","3","1","2"
"102669","Alaska Pacific University","2012","170","51","119","10","1","9","7","3","4","4","2","2","7","2","5","0","0","0","106","35","71","15","2","13","20","5","15","1","1","0"
"102845","Charter College-Anchorage","2012","1380","278","1102","56","10","46","28","12","16","59","23","36","403","71","332","30","4","26","622","120","502","19","5","14","92","21","71","71","12","59"
"103787","American Indian College of the Assemblies of God Inc","2012","6","1","5","4","0","4","0","0","0","0","0","0","0","0","0","1","0","1","1","1","0","0","0","0","0","0","0","0","0","0"
"104090","Brookline College-Phoenix","2012","824","125","699","38","1","37","11","0","11","104","19","85","292","42","250","0","0","0","230","47","183","4","2","2","145","14","131","0","0","0"
"104151","Arizona State University","2012","17284","8108","9176","266","103","163","952","427","525","672","280","392","2428","991","1437","20","4","16","11057","5165","5892","185","83","102","532","283","249","1172","772","400"
"104179","University of Arizona","2012","8884","4147","4737","162","60","102","499","249","250","247","114","133","1306","532","774","14","4","10","5551","2600","2951","186","83","103","291","144","147","628","361","267"
"104364","Brown Mackie College-Tucson","2012","235","105","130","9","2","7","4","2","2","24","11","13","102","45","57","1","0","1","93","44","49","0","0","0","2","1","1","0","0","0"
"104531","DeVry University-Arizona","2012","314","224","90","12","11","1","19","14","5","26","16","10","60","43","17","2","2","0","177","127","50","3","1","2","11","7","4","4","3","1"
"104586","Embry-Riddle Aeronautical University-Prescott","2012","368","308","60","5","3","2","23","17","6","2","2","0","29","23","6","0","0","0","257","219","38","8","7","1","26","21","5","18","16","2"
"104717","Grand Canyon University","2012","10655","2444","8211","54","8","46","436","41","395","1327","250","1077","588","136","452","29","4","25","3863","849","3014","134","27","107","4211","1120","3091","13","9","4"
"105330","Northern Arizona University","2012","6066","2176","3890","228","66","162","153","58","95","163","73","90","916","313","603","10","5","5","4274","1525","2749","105","42","63","151","62","89","66","32","34"
"105367","Ottawa University-Phoenix","2012","529","134","395","6","3","3","12","3","9","50","12","38","62","13","49","0","0","0","277","72","205","0","0","0","120","31","89","2","0","2"
"105516","University of Phoenix-Phoenix Campus","2012","1468","654","814","21","8","13","27","12","15","96","35","61","181","70","111","20","11","9","585","282","303","10","3","7","480","216","264","48","17","31"
"105589","Prescott College","2012","294","98","196","3","2","1","1","0","1","3","2","1","18","3","15","0","0","0","249","86","163","12","2","10","3","2","1","5","1","4"
"105899","Arizona Christian University","2012","88","40","48","0","0","0","2","1","1","3","2","1","1","0","1","0","0","0","77","35","42","0","0","0","1","0","1","4","2","2"
"106102","Western International University","2012","579","248","331","9","4","5","2","2","0","61","19","42","56","25","31","0","0","0","307","132","175","43","15","28","81","39","42","20","12","8"
"106245","University of Arkansas at Little Rock","2012","2338","884","1454","11","4","7","46","23","23","474","119","355","52","22","30","0","0","0","1564","616","948","33","11","22","29","11","18","129","78","51"
"106306","Arkansas Baptist College","2012","100","53","47","0","0","0","0","0","0","87","44","43","0","0","0","0","0","0","6","6","0","0","0","0","0","0","0","7","3","4"
"106342","Lyon College","2012","100","44","56","1","1","0","0","0","0","2","2","0","2","2","0","0","0","0","89","38","51","0","0","0","6","1","5","0","0","0"
"106397","University of Arkansas","2012","4590","2315","2275","60","26","34","112","62","50","239","120","119","150","75","75","4","1","3","3641","1822","1819","66","24","42","30","17","13","288","168","120"
"106412","University of Arkansas at Pine Bluff","2012","497","181","316","0","0","0","1","1","0","446","160","286","1","0","1","0","0","0","27","11","16","0","0","0","0","0","0","22","9","13"
"106458","Arkansas State University-Main Campus","2012","3920","1252","2668","15","2","13","16","7","9","457","100","357","65","18","47","4","1","3","3027","965","2062","32","10","22","165","69","96","139","80","59"
"106467","Arkansas Tech University","2012","1909","774","1135","25","8","17","32","13","19","80","45","35","61","19","42","2","2","0","1611","642","969","11","2","9","1","1","0","86","42","44"
"106485","University of Arkansas at Monticello","2012","865","295","570","3","0","3","0","0","0","260","68","192","11","4","7","1","0","1","581","219","362","3","1","2","1","0","1","5","3","2"
"106704","University of Central Arkansas","2012","2152","755","1397","18","8","10","46","18","28","225","65","160","54","19","35","2","1","1","1590","553","1037","12","5","7","78","25","53","127","61","66"
"106713","Central Baptist College","2012","131","72","59","1","1","0","1","1","0","17","9","8","2","1","1","0","0","0","104","57","47","1","0","1","0","0","0","5","3","2"
"107044","Harding University","2012","1265","558","707","10","5","5","20","15","5","77","35","42","19","12","7","0","0","0","1047","444","603","17","4","13","7","6","1","68","37","31"
"107071","Henderson State University","2012","767","261","506","4","1","3","3","0","3","95","23","72","16","7","9","0","0","0","593","204","389","34","14","20","2","0","2","20","12","8"
"107080","Hendrix College","2012","319","138","181","2","0","2","6","2","4","9","6","3","8","5","3","0","0","0","267","111","156","5","1","4","9","4","5","13","9","4"
"107141","John Brown University","2012","598","261","337","9","3","6","8","7","1","30","14","16","21","7","14","1","1","0","458","192","266","18","9","9","24","13","11","29","15","14"
"107512","Ouachita Baptist University","2012","307","136","171","3","1","2","0","0","0","12","8","4","3","2","1","0","0","0","276","115","161","0","0","0","0","0","0","13","10","3"
"107558","University of the Ozarks","2012","106","49","57","4","1","3","1","0","1","3","1","2","0","0","0","0","0","0","85","43","42","1","0","1","4","3","1","8","1","7"
"107600","Philander Smith College","2012","118","39","79","0","0","0","0","0","0","109","35","74","3","1","2","0","0","0","0","0","0","0","0","0","0","0","0","6","3","3"
"107877","Williams Baptist College","2012","100","44","56","0","0","0","0","0","0","2","0","2","1","0","1","0","0","0","97","44","53","0","0","0","0","0","0","0","0","0"
"107983","Southern Arkansas University Main Campus","2012","695","260","435","6","3","3","4","3","1","171","58","113","9","6","3","4","0","4","462","169","293","0","0","0","4","1","3","35","20","15"
"108092","University of Arkansas-Fort Smith","2012","1177","520","657","25","7","18","50","19","31","55","18","37","55","31","24","0","0","0","928","409","519","48","26","22","0","0","0","16","10","6"
"109785","Azusa Pacific University","2012","2544","816","1728","10","1","9","239","83","156","147","48","99","440","125","315","9","5","4","1260","413","847","6","0","6","358","103","255","75","38","37"
"110097","Biola University","2012","1308","575","733","12","2","10","177","88","89","47","18","29","161","66","95","13","5","8","799","342","457","0","0","0","51","29","22","48","25","23"
"110361","California Baptist University","2012","1137","382","755","5","3","2","44","12","32","98","28","70","261","74","187","6","3","3","630","221","409","12","4","8","49","20","29","32","17","15"
"110404","California Institute of Technology","2012","525","355","170","1","0","1","120","70","50","6","4","2","27","20","7","3","1","2","215","144","71","1","1","0","4","3","1","148","112","36"
"110413","California Lutheran University","2012","1208","494","714","13","4","9","72","31","41","34","14","20","226","82","144","5","2","3","608","218","390","19","9","10","86","42","44","145","92","53"
"110422","California Polytechnic State University-San Luis Obispo","2012","4005","2123","1882","24","13","11","340","210","130","32","19","13","424","230","194","26","12","14","2578","1321","1257","60","18","42","489","278","211","32","22","10"
"110468","Alliant International University","2012","1073","289","784","6","0","6","58","15","43","55","14","41","152","32","120","0","0","0","582","160","422","34","10","24","132","43","89","54","15","39"
"110486","California State University-Bakersfield","2012","1851","619","1232","11","4","7","68","25","43","74","15","59","660","193","467","2","1","1","352","124","228","28","10","18","629","238","391","27","9","18"
"110495","California State University-Stanislaus","2012","1886","681","1205","12","7","5","188","62","126","39","12","27","589","213","376","2","2","0","728","260","468","46","15","31","231","90","141","51","20","31"
"110510","California State University-San Bernardino","2012","3620","1342","2278","19","7","12","213","91","122","293","84","209","1393","470","923","18","4","14","1104","433","671","89","36","53","327","134","193","164","83","81"
"110529","California State Polytechnic University-Pomona","2012","4445","2357","2088","14","6","8","1135","679","456","139","65","74","1187","579","608","26","15","11","1150","615","535","68","31","37","458","233","225","268","134","134"
"110538","California State University-Chico","2012","4005","1844","2161","37","12","25","159","71","88","69","36","33","454","203","251","9","1","8","2562","1165","1397","79","32","47","489","240","249","147","84","63"
"110547","California State University-Dominguez Hills","2012","3121","1052","2069","13","9","4","317","119","198","579","152","427","1080","367","713","8","5","3","692","239","453","78","24","54","301","113","188","53","24","29"
"110556","California State University-Fresno","2012","4431","1724","2707","36","16","20","520","184","336","189","84","105","1395","498","897","8","4","4","1666","666","1000","71","19","52","366","171","195","180","82","98"
"110565","California State University-Fullerton","2012","8307","3380","4927","31","9","22","1670","756","914","216","75","141","2179","777","1402","35","21","14","2781","1156","1625","185","62","123","730","295","435","480","229","251"
"110574","California State University-East Bay","2012","3647","1343","2304","11","6","5","885","354","531","320","96","224","501","153","348","32","9","23","947","347","600","108","37","71","469","173","296","374","168","206"
"110583","California State University-Long Beach","2012","7931","3039","4892","118","45","73","1531","650","881","335","104","231","1978","619","1359","99","39","60","2428","957","1471","143","44","99","753","304","449","546","277","269"
"110592","California State University-Los Angeles","2012","3971","1561","2410","6","4","2","775","338","437","210","74","136","1369","470","899","71","18","53","593","229","364","39","18","21","589","251","338","319","159","160"
"110608","California State University-Northridge","2012","8427","3316","5111","20","7","13","809","368","441","473","160","313","2006","693","1313","53","26","27","2752","1102","1650","122","35","87","1555","607","948","637","318","319"
"110617","California State University-Sacramento","2012","5906","2314","3592","29","8","21","920","385","535","291","100","191","962","360","602","46","28","18","2609","999","1610","242","87","155","644","262","382","163","85","78"
"110635","University of California-Berkeley","2012","10729","5373","5356","43","22","21","3307","1567","1740","317","113","204","1061","464","597","21","9","12","3536","1834","1702","92","42","50","1030","506","524","1322","816","506"
"110644","University of California-Davis","2012","8772","3892","4880","51","18","33","2813","1251","1562","208","78","130","959","374","585","40","15","25","3505","1538","1967","107","60","47","567","265","302","522","293","229"
"110653","University of California-Irvine","2012","7904","3788","4116","30","10","20","3412","1577","1835","169","75","94","1005","425","580","19","11","8","2143","1040","1103","74","29","45","556","315","241","496","306","190"
"110662","University of California-Los Angeles","2012","11608","5504","6104","38","12","26","3419","1622","1797","366","142","224","1433","560","873","30","16","14","4126","1933","2193","133","61","72","747","402","345","1316","756","560"
"110671","University of California-Riverside","2012","4725","2270","2455","17","8","9","1612","834","778","315","105","210","1178","472","706","18","7","11","973","502","471","41","22","19","291","169","122","280","151","129"
"110680","University of California-San Diego","2012","8147","4041","4106","32","15","17","3251","1538","1713","128","54","74","872","371","501","25","8","17","2472","1280","1192","75","34","41","582","297","285","710","444","266"
"110705","University of California-Santa Barbara","2012","6384","2991","3393","32","14","18","853","399","454","165","57","108","1266","524","742","13","5","8","3137","1526","1611","101","46","55","534","270","264","283","150","133"
"110714","University of California-Santa Cruz","2012","4735","2263","2472","37","16","21","896","420","476","107","50","57","759","306","453","13","7","6","2306","1126","1180","70","32","38","472","259","213","75","47","28"
"111188","California Maritime Academy","2012","168","147","21","0","0","0","14","11","3","4","3","1","10","8","2","2","2","0","110","100","10","2","1","1","26","22","4","0","0","0"
"111948","Chapman University","2012","1804","736","1068","7","3","4","180","77","103","34","13","21","226","77","149","6","3","3","1037","431","606","25","5","20","169","68","101","120","59","61"
"112075","Concordia University-Irvine","2012","1149","481","668","3","2","1","75","21","54","66","30","36","188","78","110","2","2","0","714","301","413","31","13","18","51","23","28","19","11","8"
"112084","San Diego Christian College","2012","114","48","66","1","1","0","3","1","2","7","3","4","19","9","10","0","0","0","67","29","38","2","1","1","12","3","9","3","1","2"
"112260","Claremont McKenna College","2012","336","181","155","0","0","0","43","27","16","13","7","6","24","8","16","0","0","0","147","91","56","3","1","2","84","40","44","22","7","15"
"112394","Cogswell College","2012","36","28","8","0","0","0","6","5","1","2","1","1","3","2","1","0","0","0","19","15","4","0","0","0","5","5","0","1","0","1"
"112446","Coleman University","2012","644","562","82","0","0","0","106","87","19","58","52","6","122","118","4","0","0","0","291","249","42","0","0","0","41","38","3","26","18","8"
"113607","DeVry University-California","2012","1476","946","530","9","2","7","285","193","92","172","93","79","432","281","151","33","21","12","478","318","160","18","12","6","37","18","19","12","8","4"
"113698","Dominican University of California","2012","542","133","409","2","0","2","90","21","69","14","2","12","79","27","52","9","2","7","246","54","192","21","6","15","67","16","51","14","5","9"
"114813","Fresno Pacific University","2012","951","283","668","6","4","2","32","9","23","39","6","33","326","67","259","1","0","1","460","159","301","7","2","5","70","33","37","10","3","7"
"115083","Golden Gate University-San Francisco","2012","1233","533","700","3","2","1","199","70","129","66","21","45","62","32","30","22","10","12","396","192","204","17","8","9","237","103","134","231","95","136"
"115409","Harvey Mudd College","2012","180","112","68","2","2","0","38","25","13","2","1","1","11","8","3","0","0","0","113","68","45","3","2","1","2","1","1","9","5","4"
"115728","Holy Names University","2012","265","63","202","0","0","0","30","5","25","61","12","49","40","10","30","11","4","7","82","21","61","10","0","10","22","8","14","9","3","6"
"115755","Humboldt State University","2012","1548","646","902","23","8","15","36","13","23","32","13","19","172","81","91","7","4","3","871","369","502","66","20","46","303","126","177","38","12","26"
"115773","Humphreys College-Stockton and Modesto Campuses","2012","219","57","162","0","0","0","21","6","15","30","7","23","79","17","62","0","0","0","84","25","59","0","0","0","5","2","3","0","0","0"
"116846","American Jewish University","2012","49","20","29","0","0","0","0","0","0","2","1","1","1","0","1","0","0","0","22","11","11","0","0","0","24","8","16","0","0","0"
"117140","University of La Verne","2012","2313","908","1405","12","5","7","158","67","91","192","60","132","804","266","538","4","2","2","758","325","433","50","20","30","99","41","58","236","122","114"
"117557","Lincoln University","2012","116","65","51","0","0","0","1","1","0","4","2","2","1","0","1","0","0","0","8","2","6","0","0","0","0","0","0","102","60","42"
"117627","La Sierra University","2012","400","190","210","3","0","3","66","32","34","27","11","16","90","35","55","12","9","3","103","48","55","5","3","2","2","0","2","92","52","40"
"117751","The Master's College and Seminary","2012","315","191","124","2","2","0","25","21","4","7","4","3","20","16","4","0","0","0","233","128","105","2","1","1","3","2","1","23","17","6"
"117946","Loyola Marymount University","2012","2400","1012","1388","0","0","0","252","105","147","136","41","95","484","175","309","7","4","3","1268","589","679","118","44","74","47","23","24","88","31","57"
"118693","Menlo College","2012","147","91","56","0","0","0","12","4","8","11","6","5","21","8","13","3","2","1","57","41","16","8","4","4","9","6","3","26","20","6"
"118888","Mills College","2012","588","65","523","7","0","7","52","6","46","57","6","51","77","5","72","1","0","1","254","28","226","24","7","17","102","11","91","14","2","12"
"119173","Mount St. Mary's College","2012","718","74","644","4","0","4","113","18","95","64","10","54","291","11","280","10","3","7","157","20","137","8","0","8","65","9","56","6","3","3"
"119544","The National Hispanic University","2012","110","25","85","3","1","2","9","2","7","7","1","6","40","12","28","0","0","0","22","3","19","0","0","0","29","6","23","0","0","0"
"119605","National University","2012","6850","2294","4556","32","12","20","502","175","327","605","226","379","1003","323","680","45","19","26","3541","1154","2387","316","102","214","633","183","450","173","100","73"
"120184","Notre Dame de Namur University","2012","433","124","309","3","0","3","53","17","36","13","4","9","79","15","64","11","4","7","172","47","125","7","0","7","64","22","42","31","15","16"
"120254","Occidental College","2012","453","188","265","5","3","2","65","21","44","23","7","16","61","27","34","1","0","1","264","119","145","14","4","10","14","5","9","6","2","4"
"120537","Hope International University","2012","244","105","139","2","2","0","10","3","7","12","7","5","33","12","21","3","3","0","126","58","68","17","6","11","33","9","24","8","5","3"
"120865","Pacific Union College","2012","292","121","171","2","1","1","71","36","35","16","5","11","51","21","30","0","0","0","107","39","68","3","2","1","26","8","18","16","9","7"
"120883","University of the Pacific","2012","1751","719","1032","12","5","7","534","185","349","55","25","30","200","77","123","14","8","6","730","314","416","65","31","34","76","30","46","65","44","21"
"121150","Pepperdine University","2012","2553","1097","1456","24","10","14","262","121","141","172","61","111","230","85","145","17","5","12","1307","596","711","7","1","6","346","144","202","188","74","114"
"121257","Pitzer College","2012","276","103","173","2","0","2","15","6","9","18","6","12","51","19","32","0","0","0","102","33","69","0","0","0","78","35","43","10","4","6"
"121309","Point Loma Nazarene University","2012","825","305","520","5","4","1","56","23","33","28","10","18","109","44","65","0","0","0","589","210","379","7","3","4","25","7","18","6","4","2"
"121345","Pomona College","2012","362","183","179","1","1","0","39","17","22","25","10","15","44","19","25","0","0","0","165","92","73","24","8","16","52","30","22","12","6","6"
"121381","Westwood College-South Bay","2012","143","61","82","0","0","0","11","6","5","25","9","16","65","25","40","0","0","0","12","4","8","4","2","2","26","15","11","0","0","0"
"121691","University of Redlands","2012","1473","631","842","11","1","10","72","37","35","96","36","60","236","93","143","9","2","7","645","286","359","3","1","2","395","173","222","6","2","4"
"122409","San Diego State University","2012","7669","3259","4410","36","11","25","964","406","558","292","120","172","1614","635","979","51","21","30","3287","1397","1890","152","57","95","745","343","402","528","269","259"
"122436","University of San Diego","2012","2644","1077","1567","15","3","12","195","75","120","50","21","29","416","165","251","7","4","3","1510","586","924","115","40","75","198","104","94","138","79","59"
"122597","San Francisco State University","2012","7007","2840","4167","37","13","24","1658","713","945","324","107","217","1109","417","692","41","19","22","2337","952","1385","221","88","133","748","336","412","532","195","337"
"122612","University of San Francisco","2012","2920","1092","1828","12","3","9","484","176","308","115","35","80","384","130","254","11","4","7","1244","454","790","156","47","109","176","78","98","338","165","173"
"122755","San Jose State University","2012","7615","3338","4277","20","13","7","2127","1012","1115","234","109","125","1286","473","813","112","56","56","2360","916","1444","255","90","165","596","270","326","625","399","226"
"122843","Westwood College-Los Angeles","2012","795","429","366","3","2","1","31","17","14","62","27","35","172","91","81","2","1","1","399","216","183","38","20","18","88","55","33","0","0","0"
"122931","Santa Clara University","2012","2622","1361","1261","6","4","2","502","278","224","66","32","34","302","124","178","24","14","10","906","456","450","54","22","32","417","222","195","345","209","136"
"123165","Scripps College","2012","248","8","240","0","0","0","23","1","22","13","0","13","24","0","24","0","0","0","138","5","133","18","0","18","25","2","23","7","0","7"
"123457","Simpson University","2012","435","141","294","9","5","4","26","13","13","7","3","4","25","7","18","2","0","2","310","97","213","6","0","6","49","16","33","1","0","1"
"123554","Saint Marys College of California","2012","1165","418","747","10","1","9","115","40","75","61","24","37","187","59","128","5","2","3","582","196","386","0","0","0","193","88","105","12","8","4"
"123572","Sonoma State University","2012","1993","706","1287","16","4","12","78","31","47","33","17","16","234","71","163","7","3","4","1293","447","846","75","22","53","223","93","130","34","18","16"
"123651","Vanguard University of Southern California","2012","466","166","300","5","1","4","21","9","12","12","7","5","100","35","65","0","0","0","293","100","193","7","3","4","21","7","14","7","4","3"
"123961","University of Southern California","2012","12066","5957","6109","23","9","14","2300","1031","1269","529","164","365","1357","532","825","16","7","9","4432","2211","2221","347","136","211","531","309","222","2531","1558","973"
"124292","Thomas Aquinas College","2012","66","29","37","0","0","0","1","1","0","0","0","0","4","2","2","0","0","0","47","20","27","0","0","0","7","4","3","7","2","5"
"125727","Westmont College","2012","318","122","196","8","3","5","32","12","20","7","4","3","44","19","25","4","3","1","202","75","127","3","1","2","18","5","13","0","0","0"
"125763","Whittier College","2012","575","252","323","5","3","2","61","30","31","19","10","9","157","55","102","0","0","0","280","128","152","3","2","1","28","16","12","22","8","14"
"125897","Woodbury University","2012","427","194","233","1","0","1","36","21","15","27","12","15","105","45","60","0","0","0","213","93","120","0","0","0","1","1","0","44","22","22"
"126182","Adams State University","2012","600","210","390","8","2","6","5","1","4","18","12","6","143","46","97","0","0","0","388","132","256","1","1","0","37","16","21","0","0","0"
"126562","University of Colorado Denver","2012","4551","1858","2693","29","8","21","301","107","194","145","65","80","322","134","188","0","0","0","3072","1210","1862","13","7","6","337","133","204","332","194","138"
"126580","University of Colorado Colorado Springs","2012","1921","805","1116","10","6","4","90","39","51","69","27","42","158","54","104","0","0","0","1461","617","844","7","2","5","108","50","58","18","10","8"
"126614","University of Colorado Boulder","2012","7460","3886","3574","42","19","23","419","186","233","114","60","54","453","209","244","3","1","2","5698","2953","2745","16","7","9","347","198","149","368","253","115"
"126669","Colorado Christian University","2012","642","228","414","5","3","2","10","8","2","31","6","25","47","16","31","0","0","0","467","168","299","1","0","1","73","24","49","8","3","5"
"126678","Colorado College","2012","615","277","338","2","0","2","25","11","14","4","3","1","47","18","29","1","0","1","445","206","239","29","11","18","31","14","17","31","14","17"
"126775","Colorado School of Mines","2012","1111","823","288","7","4","3","50","34","16","19","11","8","50","29","21","0","0","0","774","582","192","2","0","2","74","62","12","135","101","34"
"126818","Colorado State University-Fort Collins","2012","6457","3056","3401","24","8","16","137","77","60","93","47","46","417","180","237","8","5","3","5001","2346","2655","143","51","92","370","184","186","264","158","106"
"126827","Colorado Technical University-Colorado Springs","2012","565","354","211","3","2","1","11","7","4","52","31","21","38","22","16","2","2","0","229","150","79","6","5","1","224","135","89","0","0","0"
"126872","College America-Denver","2012","182","34","148","1","1","0","3","0","3","41","7","34","40","4","36","1","0","1","94","22","72","0","0","0","1","0","1","1","0","1"
"127024","Westwood College-Denver North","2012","200","122","78","0","0","0","8","6","2","4","3","1","24","14","10","0","0","0","74","54","20","16","7","9","74","38","36","0","0","0"
"127060","University of Denver","2012","4103","1753","2350","35","13","22","153","59","94","117","44","73","285","118","167","3","1","2","2876","1219","1657","59","15","44","232","116","116","343","168","175"
"127185","Fort Lewis College","2012","677","329","348","124","47","77","0","0","0","6","6","0","41","9","32","1","1","0","460","233","227","19","10","9","17","15","2","9","8","1"
"127556","Colorado Mesa University","2012","1090","454","636","11","8","3","14","8","6","15","6","9","93","34","59","6","3","3","898","373","525","8","4","4","42","15","27","3","3","0"
"127565","Metropolitan State University of Denver","2012","3036","1234","1802","18","4","14","113","46","67","126","60","66","435","158","277","11","2","9","2120","867","1253","60","24","36","132","67","65","21","6","15"
"127653","Naropa University","2012","317","102","215","2","1","1","4","2","2","4","1","3","9","2","7","0","0","0","211","68","143","21","6","15","56","20","36","10","2","8"
"127680","National American University-Colorado Springs","2012","48","25","23","1","1","0","3","2","1","4","1","3","3","3","0","0","0","0","33","15","18","2","1","1","2","2","0","0","0","0"
"127699","National American University-Denver","2012","53","8","45","1","0","1","2","0","2","4","1","3","6","1","5","0","0","0","40","6","34","0","0","0","0","0","0","0","0","0"
"127741","University of Northern Colorado","2012","2502","824","1678","6","2","4","33","19","14","49","18","31","177","57","120","1","0","1","1583","485","1098","37","8","29","573","213","360","43","22","21"
"127918","Regis University","2012","3301","1142","2159","15","4","11","122","30","92","187","66","121","263","106","157","3","1","2","2335","779","1556","14","4","10","362","152","210","0","0","0"
"128106","Colorado State University-Pueblo","2012","846","339","507","15","3","12","22","10","12","55","24","31","182","69","113","0","0","0","486","194","292","4","0","4","52","19","33","30","20","10"
"128391","Western State Colorado University","2012","399","214","185","3","2","1","0","0","0","6","5","1","10","7","3","6","5","1","321","169","152","0","0","0","53","26","27","0","0","0"
"128498","Albertus Magnus College","2012","658","209","449","0","0","0","10","6","4","193","48","145","65","17","48","0","0","0","342","118","224","24","10","14","22","9","13","2","1","1"
"128683","Lincoln College of New England-Southington","2012","139","25","114","0","0","0","2","0","2","15","4","11","10","4","6","0","0","0","97","15","82","2","0","2","13","2","11","0","0","0"
"128744","University of Bridgeport","2012","1339","544","795","2","1","1","45","24","21","180","52","128","125","29","96","0","0","0","501","134","367","31","10","21","0","0","0","455","294","161"
"128771","Central Connecticut State University","2012","2570","1116","1454","5","2","3","78","42","36","204","88","116","165","55","110","1","0","1","1917","866","1051","29","12","17","79","26","53","92","25","67"
"128902","Connecticut College","2012","440","149","291","1","1","0","21","6","15","14","3","11","23","8","15","0","0","0","329","111","218","14","4","10","15","5","10","23","11","12"
"129020","University of Connecticut","2012","7482","3502","3980","16","5","11","554","268","286","411","159","252","426","205","221","1","1","0","4699","2174","2525","18","7","11","925","453","472","432","230","202"
"129215","Eastern Connecticut State University","2012","1208","501","707","5","4","1","16","2","14","65","29","36","70","21","49","3","2","1","1002","426","576","22","9","13","11","2","9","14","6","8"
"129242","Fairfield University","2012","1349","519","830","1","0","1","20","8","12","34","15","19","33","14","19","3","2","1","392","153","239","2","1","1","830","308","522","34","18","16"
"129525","University of Hartford","2012","1663","703","960","3","1","2","61","29","32","173","47","126","79","28","51","1","1","0","1029","440","589","2","0","2","218","94","124","97","63","34"
"129774","Mitchell College","2012","190","95","95","5","4","1","1","0","1","18","9","9","11","4","7","1","1","0","145","73","72","6","3","3","2","1","1","1","0","1"
"129941","University of New Haven","2012","1679","778","901","7","2","5","33","15","18","141","44","97","96","33","63","0","0","0","929","437","492","2","2","0","197","82","115","274","163","111"
"130183","Post University","2012","787","282","505","4","1","3","15","3","12","90","29","61","51","13","38","1","0","1","338","86","252","1","0","1","283","148","135","4","2","2"
"130226","Quinnipiac University","2012","2199","814","1385","9","3","6","72","19","53","73","31","42","125","35","90","0","0","0","1665","634","1031","3","1","2","204","63","141","48","28","20"
"130253","Sacred Heart University","2012","1600","540","1060","6","1","5","28","8","20","53","15","38","80","25","55","0","0","0","1289","432","857","0","0","0","98","31","67","46","28","18"
"130314","University of Saint Joseph","2012","666","47","619","1","0","1","13","0","13","49","6","43","37","3","34","0","0","0","481","30","451","2","0","2","82","8","74","1","0","1"
"130493","Southern Connecticut State University","2012","2560","755","1805","4","3","1","67","23","44","234","79","155","162","56","106","1","0","1","1983","549","1434","35","15","20","69","27","42","5","3","2"
"130590","Trinity College","2012","584","280","304","1","0","1","42","20","22","30","14","16","46","16","30","0","0","0","358","172","186","30","11","19","44","24","20","33","23","10"
"130697","Wesleyan University","2012","796","376","420","1","0","1","55","20","35","43","21","22","64","25","39","0","0","0","424","211","213","34","19","15","112","49","63","63","31","32"
"130776","Western Connecticut State University","2012","1101","426","675","9","5","4","35","15","20","59","23","36","91","41","50","0","0","0","873","330","543","13","5","8","21","7","14","0","0","0"
"130794","Yale University","2012","3800","1835","1965","3","1","2","406","168","238","173","71","102","218","103","115","1","1","0","1820","843","977","104","43","61","347","184","163","728","421","307"
"130934","Delaware State University","2012","631","215","416","1","0","1","4","2","2","463","152","311","25","8","17","1","0","1","84","40","44","24","4","20","6","1","5","23","8","15"
"130943","University of Delaware","2012","4885","2091","2794","4","1","3","190","97","93","215","92","123","256","108","148","8","4","4","3676","1528","2148","32","15","17","133","51","82","371","195","176"
"131098","Wesley College","2012","323","115","208","2","1","1","3","3","0","84","22","62","11","3","8","0","0","0","214","84","130","0","0","0","9","2","7","0","0","0"
"131113","Wilmington University","2012","2991","1011","1980","15","3","12","48","25","23","565","160","405","73","21","52","2","0","2","1272","469","803","13","1","12","1003","332","671","0","0","0"
"131159","American University","2012","3733","1481","2252","20","12","8","237","86","151","256","85","171","250","106","144","3","1","2","1869","781","1088","27","11","16","925","350","575","146","49","97"
"131283","Catholic University of America","2012","1727","754","973","0","0","0","65","24","41","112","35","77","97","43","54","5","4","1","983","448","535","30","14","16","329","134","195","106","52","54"
"131399","University of the District of Columbia","2012","631","256","375","0","0","0","8","1","7","387","140","247","31","16","15","0","0","0","23","10","13","0","0","0","182","89","93","0","0","0"
"131450","Gallaudet University","2012","337","112","225","1","0","1","11","2","9","28","11","17","21","6","15","0","0","0","229","74","155","10","5","5","14","4","10","23","10","13"
"131469","George Washington University","2012","8028","3496","4532","40","20","20","655","269","386","681","211","470","451","178","273","22","10","12","4127","1814","2313","33","11","22","1208","559","649","811","424","387"
"131496","Georgetown University","2012","5624","2820","2804","6","3","3","531","255","276","333","126","207","313","162","151","3","2","1","3220","1640","1580","126","51","75","376","227","149","716","354","362"
"131520","Howard University","2012","2276","724","1552","2","0","2","41","20","21","2047","617","1430","28","15","13","0","0","0","20","7","13","0","0","0","0","0","0","138","65","73"
"131803","Strayer University-District of Columbia","2012","273","111","162","1","0","1","6","3","3","203","77","126","8","4","4","0","0","0","12","9","3","2","0","2","17","6","11","24","12","12"
"131876","Trinity Washington University","2012","469","47","422","3","1","2","4","0","4","301","25","276","39","3","36","2","1","1","44","5","39","4","0","4","67","11","56","5","1","4"
"132471","Barry University","2012","2514","774","1740","6","0","6","64","13","51","468","94","374","474","125","349","0","0","0","500","170","330","0","0","0","878","318","560","124","54","70"
"132602","Bethune-Cookman University","2012","566","171","395","1","0","1","1","0","1","519","152","367","9","6","3","20","7","13","6","1","5","1","1","0","6","2","4","3","2","1"
"132657","Lynn University","2012","635","308","327","1","1","0","4","2","2","23","8","15","45","18","27","1","0","1","273","143","130","0","0","0","138","64","74","150","72","78"
"132842","Carlos Albizu University-Miami","2012","291","54","237","0","0","0","2","1","1","20","2","18","238","43","195","0","0","0","26","7","19","2","0","2","2","1","1","1","0","1"
"132903","University of Central Florida","2012","14237","5885","8352","60","18","42","712","331","381","1255","399","856","2102","831","1271","21","9","12","9298","3890","5408","127","50","77","268","121","147","394","236","158"
"133085","Clearwater Christian College","2012","87","44","43","0","0","0","0","0","0","6","2","4","3","3","0","0","0","0","71","36","35","2","0","2","3","1","2","2","2","0"
"133465","South University-West Palm Beach","2012","224","64","160","0","0","0","6","5","1","73","19","54","17","3","14","0","0","0","110","32","78","10","3","7","7","1","6","1","1","0"
"133492","Eckerd College","2012","532","207","325","4","2","2","6","4","2","29","10","19","39","15","24","1","0","1","418","160","258","18","6","12","4","2","2","13","8","5"
"133526","Edward Waters College","2012","103","41","62","0","0","0","0","0","0","102","41","61","0","0","0","0","0","0","1","0","1","0","0","0","0","0","0","0","0","0"
"133553","Embry-Riddle Aeronautical University-Daytona Beach","2012","1111","902","209","2","2","0","59","51","8","59","50","9","87","70","17","0","0","0","610","496","114","20","14","6","87","62","25","187","157","30"
"133650","Florida Agricultural and Mechanical University","2012","2095","770","1325","2","2","0","36","17","19","1868","658","1210","46","19","27","0","0","0","116","64","52","8","1","7","0","0","0","19","9","10"
"133669","Florida Atlantic University","2012","6378","2354","4024","12","4","8","286","109","177","1119","345","774","1281","471","810","2","0","2","3389","1290","2099","54","15","39","39","20","19","196","100","96"
"133711","Flagler College-St Augustine","2012","620","260","360","5","2","3","1","1","0","10","1","9","38","17","21","0","0","0","503","207","296","16","4","12","29","17","12","18","11","7"
"133809","Florida College","2012","161","71","90","1","0","1","1","1","0","5","2","3","0","0","0","1","0","1","147","65","82","5","2","3","0","0","0","1","1","0"
"133881","Florida Institute of Technology","2012","1459","889","570","5","2","3","30","16","14","181","97","84","65","37","28","1","1","0","683","415","268","18","9","9","165","91","74","311","221","90"
"133951","Florida International University","2012","10612","4276","6336","10","4","6","350","148","202","1290","473","817","6013","2407","3606","4","2","2","1632","684","948","74","24","50","129","55","74","1110","479","631"
"133979","Florida Memorial University","2012","206","73","133","0","0","0","1","0","1","161","51","110","9","4","5","0","0","0","0","0","0","0","0","0","7","3","4","28","15","13"
"134079","Florida Southern College","2012","592","218","374","3","2","1","11","7","4","35","11","24","41","9","32","0","0","0","433","169","264","1","0","1","44","6","38","24","14","10"
"134097","Florida State University","2012","10726","4794","5932","64","28","36","320","146","174","1047","340","707","1247","567","680","0","0","0","7395","3392","4003","82","19","63","157","78","79","414","224","190"
"134130","University of Florida","2012","14155","6539","7616","55","25","30","1018","467","551","1013","332","681","1869","771","1098","45","12","33","8146","3721","4425","151","66","85","480","247","233","1378","898","480"
"134149","Everest University-Pompano Beach","2012","472","116","356","1","0","1","7","3","4","276","76","200","66","13","53","0","0","0","83","17","66","5","1","4","30","5","25","4","1","3"
"134237","Full Sail University","2012","4061","2793","1268","28","16","12","88","67","21","715","433","282","463","314","149","4","3","1","2070","1514","556","114","74","40","464","285","179","115","87","28"
"134945","Jacksonville University","2012","1035","346","689","10","5","5","36","16","20","148","49","99","38","15","23","3","1","2","593","180","413","14","6","8","183","68","115","10","6","4"
"135063","Jones College-Jacksonville","2012","118","25","93","1","0","1","1","0","1","76","13","63","6","1","5","0","0","0","28","8","20","3","2","1","1","0","1","2","1","1"
"135081","Keiser University-Ft Lauderdale","2012","4872","1413","3459","15","6","9","62","23","39","1037","269","768","1230","372","858","13","2","11","2330","664","1666","70","26","44","83","38","45","32","13","19"
"135610","Trinity International University-Florida","2012","69","21","48","0","0","0","0","0","0","20","9","11","20","6","14","0","0","0","29","6","23","0","0","0","0","0","0","0","0","0"
"135726","University of Miami","2012","4266","2020","2246","6","1","5","226","95","131","324","104","220","985","395","590","3","1","2","1917","1004","913","45","15","30","342","180","162","418","225","193"
"135939","Remington College-Tampa Campus","2012","140","62","78","1","1","0","2","1","1","38","18","20","37","12","25","0","0","0","54","27","27","8","3","5","0","0","0","0","0","0"
"136172","University of North Florida","2012","4071","1636","2435","11","5","6","206","102","104","399","111","288","268","92","176","3","0","3","3001","1240","1761","74","33","41","27","11","16","82","42","40"
"136215","Nova Southeastern University","2012","8175","2373","5802","25","8","17","357","128","229","1625","366","1259","1887","513","1374","20","7","13","3371","1045","2326","26","9","17","518","142","376","346","155","191"
"136288","Everest University-North Orlando","2012","369","85","284","2","0","2","6","5","1","127","30","97","86","17","69","0","0","0","121","19","102","5","2","3","12","6","6","10","6","4"
"136330","Palm Beach Atlantic University","2012","787","268","519","4","0","4","24","9","15","130","37","93","103","29","74","2","0","2","463","170","293","3","0","3","40","13","27","18","10","8"
"136950","Rollins College","2012","897","423","474","4","2","2","23","10","13","36","12","24","84","31","53","1","1","0","514","232","282","13","4","9","174","108","66","48","23","25"
"137032","Saint Leo University","2012","4640","1850","2790","19","9","10","57","24","33","1543","551","992","331","154","177","8","4","4","1927","838","1089","29","14","15","716","253","463","10","3","7"
"137078","St Petersburg College","2012","5112","1948","3164","15","9","6","181","77","104","446","121","325","343","115","228","1","0","1","3824","1510","2314","4","1","3","230","85","145","68","30","38"
"137148","Argosy University-Sarasota","2012","337","81","256","1","0","1","7","3","4","113","26","87","0","0","0","1","0","1","189","45","144","4","2","2","22","5","17","0","0","0"
"137351","University of South Florida-Main Campus","2012","10391","4066","6325","37","10","27","583","257","326","1096","337","759","1542","585","957","4","0","4","6496","2579","3917","76","21","55","195","72","123","362","205","157"
"137476","St. Thomas University","2012","699","296","403","1","1","0","10","4","6","163","53","110","255","92","163","0","0","0","150","91","59","1","1","0","52","26","26","67","28","39"
"137546","Stetson University","2012","1092","472","620","6","1","5","32","11","21","56","24","32","117","48","69","2","0","2","771","335","436","20","6","14","49","25","24","39","22","17"
"137564","Southeastern University","2012","578","207","371","3","0","3","5","2","3","36","15","21","78","22","56","1","0","1","416","149","267","6","2","4","25","14","11","8","3","5"
"137801","Everest University-Tampa","2012","479","244","235","1","1","0","14","6","8","129","73","56","176","80","96","3","2","1","135","71","64","12","7","5","9","4","5","0","0","0"
"137810","Everest University-Largo","2012","254","46","208","1","0","1","3","0","3","52","12","40","28","7","21","1","0","1","145","23","122","2","0","2","22","4","18","0","0","0"
"137847","The University of Tampa","2012","1609","715","894","5","3","2","20","11","9","63","20","43","149","57","92","3","1","2","988","418","570","38","12","26","147","68","79","196","125","71"
"138275","Warner University","2012","306","112","194","1","0","1","3","3","0","84","24","60","33","15","18","0","0","0","164","60","104","3","0","3","10","5","5","8","5","3"
"138293","Webber International University","2012","164","82","82","0","0","0","13","7","6","23","11","12","22","11","11","0","0","0","104","52","52","2","1","1","0","0","0","0","0","0"
"138309","Rasmussen College-Florida","2012","126","35","91","1","0","1","0","0","0","14","4","10","15","4","11","1","0","1","87","25","62","5","1","4","3","1","2","0","0","0"
"138354","The University of West Florida","2012","2789","1008","1781","21","8","13","106","44","62","301","88","213","141","54","87","7","1","6","2118","763","1355","34","15","19","3","0","3","58","35","23"
"138600","Agnes Scott College","2012","168","0","168","0","0","0","9","0","9","43","0","43","7","0","7","0","0","0","90","0","90","4","0","4","10","0","10","5","0","5"
"138716","Albany State University","2012","805","210","595","1","1","0","4","1","3","683","177","506","3","1","2","0","0","0","112","29","83","2","1","1","0","0","0","0","0","0"
"138789","Armstrong Atlantic State University","2012","1320","419","901","4","0","4","25","13","12","270","67","203","55","21","34","1","0","1","893","292","601","47","12","35","6","4","2","19","10","9"
"138868","Point University","2012","297","89","208","0","0","0","1","0","1","221","64","157","6","3","3","0","0","0","37","15","22","3","3","0","29","4","25","0","0","0"
"138947","Clark Atlanta University","2012","717","171","546","0","0","0","2","1","1","668","157","511","2","1","1","0","0","0","1","1","0","0","0","0","34","7","27","10","4","6"
"138983","Augusta State University","2012","1031","314","717","1","0","1","14","4","10","253","64","189","35","15","20","3","2","1","639","200","439","21","8","13","54","15","39","11","6","5"
"139074","Bauder College","2012","189","48","141","0","0","0","0","0","0","148","35","113","9","2","7","0","0","0","3","1","2","0","0","0","28","10","18","1","0","1"
"139144","Berry College","2012","406","118","288","1","1","0","11","5","6","21","5","16","12","5","7","0","0","0","344","95","249","0","0","0","10","3","7","7","4","3"
"139199","Brenau University","2012","740","105","635","2","0","2","11","0","11","158","17","141","32","3","29","0","0","0","433","66","367","12","1","11","52","6","46","40","12","28"
"139205","Brewton-Parker College","2012","88","34","54","0","0","0","0","0","0","16","3","13","5","3","2","0","0","0","59","22","37","1","0","1","3","2","1","4","4","0"
"139311","Clayton  State University","2012","1249","386","863","2","1","1","44","23","21","778","192","586","36","13","23","5","1","4","301","128","173","27","6","21","31","8","23","25","14","11"
"139366","Columbus State University","2012","1390","524","866","6","2","4","27","8","19","375","113","262","60","26","34","5","1","4","857","347","510","35","12","23","0","0","0","25","15","10"
"139393","Covenant College","2012","241","103","138","1","0","1","2","1","1","6","3","3","8","3","5","0","0","0","217","92","125","3","2","1","0","0","0","4","2","2"
"139463","Dalton State College","2012","658","240","418","3","1","2","7","6","1","11","2","9","84","26","58","0","0","0","485","178","307","2","0","2","60","24","36","6","3","3"
"139533","DeVry University-Georgia","2012","775","361","414","1","0","1","29","16","13","471","192","279","25","13","12","1","1","0","207","117","90","10","5","5","25","14","11","6","3","3"
"139579","South University-Savannah","2012","357","96","261","0","0","0","17","3","14","69","12","57","2","0","2","0","0","0","241","70","171","22","8","14","6","3","3","0","0","0"
"139630","Emmanuel College","2012","133","58","75","0","0","0","1","1","0","19","8","11","5","4","1","0","0","0","102","39","63","0","0","0","0","0","0","6","6","0"
"139658","Emory University","2012","4150","1786","2364","16","3","13","701","315","386","456","144","312","171","70","101","1","1","0","1945","854","1091","27","9","18","361","148","213","472","242","230"
"139719","Fort Valley State University","2012","424","145","279","1","0","1","2","1","1","384","133","251","4","0","4","1","0","1","14","5","9","7","1","6","8","4","4","3","1","2"
"139755","Georgia Institute of Technology-Main Campus","2012","5224","3765","1459","6","5","1","679","476","203","286","169","117","236","172","64","2","1","1","2733","1963","770","104","77","27","23","20","3","1155","882","273"
"139764","Georgia Southwestern State University","2012","674","211","463","0","0","0","6","2","4","132","28","104","9","4","5","2","0","2","487","158","329","8","4","4","1","1","0","29","14","15"
"139861","Georgia College & State University","2012","1724","708","1016","5","2","3","29","14","15","164","45","119","38","19","19","0","0","0","1431","602","829","20","9","11","13","5","8","24","12","12"
"139931","Georgia Southern University","2012","3642","1625","2017","6","2","4","32","13","19","696","264","432","75","35","40","7","4","3","2631","1224","1407","48","25","23","70","28","42","77","30","47"
"139940","Georgia State University","2012","6960","2694","4266","14","5","9","601","270","331","1891","567","1324","398","151","247","16","5","11","3246","1353","1893","193","68","125","217","91","126","384","184","200"
"139959","University of Georgia","2012","9025","3698","5327","19","11","8","509","209","300","629","191","438","266","95","171","4","1","3","6880","2874","4006","81","31","50","348","146","202","289","140","149"
"140164","Kennesaw State University","2012","4305","1621","2684","19","10","9","148","69","79","613","180","433","214","77","137","7","3","4","2931","1145","1786","81","19","62","178","77","101","114","41","73"
"140234","LaGrange College","2012","273","105","168","1","1","0","5","0","5","56","21","35","7","4","3","0","0","0","198","77","121","2","1","1","0","0","0","4","1","3"
"140252","Life University","2012","397","216","181","3","2","1","24","13","11","72","28","44","17","8","9","0","0","0","244","142","102","0","0","0","37","23","14","0","0","0"
"140322","Macon State College","2012","852","267","585","0","0","0","22","7","15","237","44","193","30","9","21","2","1","1","530","191","339","23","11","12","1","1","0","7","3","4"
"140340","Herzing University-Atlanta","2012","144","46","98","0","0","0","10","3","7","105","32","73","6","3","3","0","0","0","14","3","11","9","5","4","0","0","0","0","0","0"
"140447","Mercer University","2012","2152","680","1472","2","0","2","111","40","71","610","96","514","54","20","34","0","0","0","1141","437","704","14","2","12","179","67","112","41","18","23"
"140553","Morehouse College","2012","388","388","0","0","0","0","0","0","0","371","371","0","0","0","0","0","0","0","4","4","0","0","0","0","3","3","0","10","10","0"
"140669","North Georgia College & State University","2012","1299","464","835","4","0","4","19","10","9","38","11","27","40","14","26","1","1","0","1137","397","740","13","7","6","32","13","19","15","11","4"
"140696","Oglethorpe University","2012","233","72","161","1","0","1","9","2","7","44","7","37","6","1","5","0","0","0","134","49","85","4","2","2","29","10","19","6","1","5"
"140720","Paine College","2012","100","39","61","0","0","0","0","0","0","97","37","60","1","0","1","0","0","0","2","2","0","0","0","0","0","0","0","0","0","0"
"140818","Piedmont College","2012","1176","225","951","5","1","4","9","6","3","117","18","99","22","3","19","0","0","0","983","193","790","6","1","5","25","1","24","9","2","7"
"140872","Reinhardt University","2012","282","93","189","0","0","0","5","0","5","25","8","17","9","4","5","0","0","0","222","73","149","0","0","0","21","8","13","0","0","0"
"140960","Savannah State University","2012","449","161","288","0","0","0","1","1","0","412","144","268","4","3","1","0","0","0","19","9","10","6","0","6","0","0","0","7","4","3"
"140988","Shorter University","2012","242","101","141","1","0","1","0","0","0","39","15","24","4","1","3","4","1","3","176","75","101","0","0","0","9","4","5","9","5","4"
"141060","Spelman College","2012","467","0","467","0","0","0","0","0","0","425","0","425","0","0","0","0","0","0","0","0","0","9","0","9","3","0","3","30","0","30"
"141097","Southern Polytechnic State University","2012","981","727","254","3","3","0","60","43","17","218","149","69","32","27","5","1","0","1","460","385","75","13","8","5","21","15","6","173","97","76"
"141167","Thomas University","2012","262","71","191","2","1","1","1","1","0","70","6","64","3","1","2","0","0","0","133","41","92","0","0","0","49","17","32","4","4","0"
"141185","Toccoa Falls College","2012","153","62","91","0","0","0","20","10","10","3","1","2","4","1","3","0","0","0","124","50","74","2","0","2","0","0","0","0","0","0"
"141237","Truett-McConnell College","2012","71","33","38","0","0","0","0","0","0","6","4","2","1","1","0","0","0","0","61","26","35","0","0","0","3","2","1","0","0","0"
"141264","Valdosta State University","2012","2565","863","1702","5","1","4","24","11","13","576","155","421","67","26","41","7","1","6","1726","610","1116","56","21","35","63","23","40","41","15","26"
"141325","Wesleyan College","2012","129","5","124","0","0","0","2","0","2","60","5","55","3","0","3","0","0","0","45","0","45","3","0","3","0","0","0","16","0","16"
"141334","University of West Georgia","2012","2131","683","1448","4","2","2","22","12","10","511","141","370","60","21","39","5","3","2","1392","455","937","29","6","23","60","22","38","48","21","27"
"141486","Chaminade University of Honolulu","2012","698","227","471","8","2","6","154","54","100","51","17","34","55","25","30","84","24","60","165","59","106","68","9","59","100","31","69","13","6","7"
"141565","University of Hawaii at Hilo","2012","805","307","498","5","3","2","199","79","120","7","2","5","55","21","34","99","31","68","234","93","141","173","59","114","1","0","1","32","19","13"
"141574","University of Hawaii at Manoa","2012","4486","1874","2612","14","6","8","1599","667","932","43","20","23","246","98","148","295","117","178","1047","471","576","825","326","499","2","1","1","415","168","247"
"141644","Hawaii Pacific University","2012","1606","628","978","8","3","5","339","104","235","79","34","45","195","79","116","36","10","26","510","242","268","204","63","141","26","14","12","209","79","130"
"141981","University of Hawaii-West Oahu","2012","301","90","211","0","0","0","115","41","74","1","0","1","26","6","20","32","11","21","50","13","37","74","18","56","0","0","0","3","1","2"
"142115","Boise State University","2012","3503","1527","1976","32","14","18","99","33","66","62","32","30","177","61","116","8","1","7","2896","1263","1633","12","6","6","130","70","60","87","47","40"
"142276","Idaho State University","2012","2201","990","1211","24","10","14","47","25","22","32","20","12","110","50","60","1","0","1","1748","759","989","10","6","4","149","68","81","80","52","28"
"142285","University of Idaho","2012","2533","1322","1211","21","14","7","35","16","19","17","14","3","129","67","62","5","4","1","2064","1046","1018","59","27","32","71","50","21","132","84","48"
"142294","The College of Idaho","2012","194","87","107","1","1","0","2","2","0","0","0","0","20","9","11","0","0","0","116","45","71","5","1","4","34","19","15","16","10","6"
"142328","Lewis-Clark State College","2012","690","270","420","13","5","8","6","1","5","5","2","3","33","14","19","2","1","1","578","220","358","23","9","14","8","5","3","22","13","9"
"142461","Northwest Nazarene University","2012","518","199","319","1","0","1","9","3","6","5","3","2","22","7","15","0","0","0","404","158","246","0","0","0","69","25","44","8","3","5"
"142522","Brigham Young University-Idaho","2012","4466","1852","2614","23","11","12","40","15","25","11","2","9","182","59","123","22","10","12","4078","1700","2378","0","0","0","25","11","14","85","44","41"
"143084","Augustana College","2012","518","224","294","0","0","0","13","7","6","10","6","4","16","7","9","0","0","0","390","166","224","8","2","6","77","33","44","4","3","1"
"143118","Aurora University","2012","1340","381","959","2","1","1","32","9","23","74","16","58","168","55","113","0","0","0","1009","278","731","1","0","1","54","22","32","0","0","0"
"143288","Blackburn College","2012","110","50","60","0","0","0","0","0","0","10","5","5","3","1","2","0","0","0","96","44","52","1","0","1","0","0","0","0","0","0"
"143358","Bradley University","2012","1401","658","743","3","1","2","41","24","17","68","19","49","69","24","45","0","0","0","1049","482","567","20","9","11","14","8","6","137","91","46"
"144005","Chicago State University","2012","1034","293","741","0","0","0","31","4","27","779","208","571","76","20","56","1","0","1","100","50","50","0","0","0","45","10","35","2","1","1"
"144050","University of Chicago","2012","4627","2636","1991","6","2","4","482","262","220","213","90","123","268","137","131","1","0","1","1897","1093","804","239","103","136","523","279","244","998","670","328"
"144281","Columbia College-Chicago","2012","2535","1077","1458","11","3","8","76","31","45","270","98","172","282","112","170","9","6","3","1730","758","972","65","24","41","90","43","47","2","2","0"
"144351","Concordia University-Chicago","2012","1729","432","1297","0","0","0","32","10","22","188","48","140","183","43","140","4","2","2","1280","314","966","17","3","14","25","12","13","0","0","0"
"144740","DePaul University","2012","6766","3081","3685","13","3","10","547","283","264","481","160","321","657","276","381","22","10","12","3886","1791","2095","106","45","61","745","356","389","309","157","152"
"144759","DeVry University-Illinois","2012","4023","1991","2032","26","11","15","218","129","89","887","284","603","492","267","225","22","7","15","2201","1203","998","46","22","24","95","43","52","36","25","11"
"144883","East-West University","2012","154","65","89","1","0","1","13","8","5","82","31","51","19","5","14","1","0","1","14","2","12","1","0","1","1","1","0","22","18","4"
"144892","Eastern Illinois University","2012","2741","1142","1599","12","4","8","29","17","12","239","97","142","71","27","44","1","0","1","2192","892","1300","11","2","9","137","74","63","49","29","20"
"144962","Elmhurst College","2012","999","383","616","2","2","0","40","9","31","32","11","21","79","26","53","0","0","0","780","305","475","9","4","5","49","24","25","8","2","6"
"144971","Eureka College","2012","148","58","90","1","1","0","1","0","1","1","1","0","2","1","1","0","0","0","136","51","85","0","0","0","6","3","3","1","1","0"
"145372","Greenville College","2012","470","177","293","1","0","1","1","1","0","25","14","11","7","4","3","1","1","0","393","142","251","4","1","3","33","11","22","5","3","2"
"145600","University of Illinois at Chicago","2012","6769","2857","3912","8","6","2","1098","484","614","447","133","314","893","366","527","20","7","13","3403","1432","1971","97","54","43","103","47","56","700","328","372"
"145619","Benedictine University","2012","1881","561","1320","6","1","5","163","58","105","208","42","166","88","26","62","7","3","4","895","259","636","1","0","1","482","157","325","31","15","16"
"145637","University of Illinois at Urbana-Champaign","2012","11895","6181","5714","17","9","8","1249","689","560","563","207","356","645","307","338","9","8","1","6892","3597","3295","187","83","104","87","51","36","2246","1230","1016"
"145646","Illinois Wesleyan University","2012","467","183","284","2","0","2","19","11","8","23","14","9","8","3","5","0","0","0","355","128","227","0","0","0","35","17","18","25","10","15"
"145691","Illinois College","2012","168","88","80","1","1","0","0","0","0","9","5","4","5","2","3","0","0","0","143","75","68","6","3","3","1","1","0","3","1","2"
"145725","Illinois Institute of Technology","2012","2473","1550","923","5","3","2","122","65","57","67","37","30","81","57","24","17","10","7","672","438","234","12","5","7","142","83","59","1355","852","503"
"145770","Argosy University-Chicago","2012","246","65","181","0","0","0","19","12","7","89","17","72","2","0","2","0","0","0","121","31","90","3","1","2","12","4","8","0","0","0"
"145813","Illinois State University","2012","5357","2232","3125","16","6","10","86","38","48","202","73","129","259","99","160","3","2","1","4516","1881","2635","35","15","20","144","81","63","96","37","59"
"146339","Judson University","2012","348","135","213","1","1","0","4","3","1","29","13","16","18","4","14","0","0","0","198","87","111","0","0","0","92","22","70","6","5","1"
"146393","Kendall College","2012","566","165","401","1","1","0","31","14","17","57","5","52","57","14","43","1","0","1","288","85","203","9","2","7","59","20","39","63","24","39"
"146427","Knox College","2012","336","130","206","0","0","0","21","10","11","10","3","7","17","10","7","0","0","0","239","86","153","20","8","12","7","4","3","22","9","13"
"146481","Lake Forest College","2012","326","125","201","0","0","0","7","2","5","15","10","5","25","5","20","0","0","0","225","88","137","6","4","2","0","0","0","48","16","32"
"146612","Lewis University","2012","1644","618","1026","6","3","3","47","21","26","182","51","131","146","58","88","0","0","0","1094","408","686","0","0","0","130","49","81","39","28","11"
"146676","Lincoln College","2012","328","116","212","1","0","1","1","0","1","83","26","57","15","5","10","0","0","0","199","73","126","4","1","3","20","7","13","5","4","1"
"146719","Loyola University Chicago","2012","4858","1736","3122","7","0","7","426","174","252","250","60","190","358","131","227","3","0","3","3222","1138","2084","47","10","37","412","161","251","133","62","71"
"146825","MacMurray College","2012","94","23","71","1","0","1","0","0","0","4","4","0","4","1","3","0","0","0","80","17","63","3","0","3","2","1","1","0","0","0"
"147013","McKendree University","2012","890","299","591","0","0","0","11","3","8","85","37","48","17","10","7","1","0","1","719","223","496","2","1","1","47","18","29","8","7","1"
"147165","Midstate College","2012","191","26","165","2","0","2","1","0","1","35","3","32","8","0","8","0","0","0","141","22","119","1","0","1","3","1","2","0","0","0"
"147244","Millikin University","2012","589","215","374","1","1","0","2","1","1","47","16","31","24","7","17","1","1","0","482","173","309","6","1","5","2","1","1","24","14","10"
"147341","Monmouth College","2012","283","137","146","0","0","0","1","0","1","7","5","2","11","5","6","0","0","0","256","124","132","0","0","0","6","1","5","2","2","0"
"147536","National Louis University","2012","2338","606","1732","5","2","3","68","14","54","473","86","387","211","44","167","7","3","4","1411","402","1009","12","3","9","150","51","99","1","1","0"
"147660","North Central College","2012","696","286","410","2","2","0","27","8","19","21","8","13","31","20","11","0","0","0","556","220","336","4","1","3","44","20","24","11","7","4"
"147679","North Park University","2012","686","228","458","0","0","0","47","6","41","53","19","34","60","22","38","1","0","1","366","127","239","0","0","0","130","42","88","29","12","17"
"147703","Northern Illinois University","2012","5635","2683","2952","7","1","6","263","146","117","410","154","256","400","164","236","7","5","2","4009","1918","2091","82","42","40","213","104","109","244","149","95"
"147767","Northwestern University","2012","6253","3254","2999","3","2","1","826","418","408","249","106","143","308","146","162","5","2","3","2988","1533","1455","71","31","40","854","471","383","949","545","404"
"147776","Northeastern Illinois University","2012","2278","888","1390","9","4","5","180","77","103","186","58","128","495","172","323","2","1","1","1168","471","697","15","7","8","112","50","62","111","48","63"
"147828","Olivet Nazarene University","2012","1451","400","1051","4","1","3","39","7","32","159","31","128","46","14","32","0","0","0","1188","344","844","1","0","1","11","3","8","3","0","3"
"148131","Quincy University","2012","399","157","242","1","1","0","3","0","3","44","17","27","21","7","14","0","0","0","255","108","147","3","2","1","69","20","49","3","2","1"
"148335","Robert Morris University Illinois","2012","1867","767","1100","4","2","2","50","27","23","489","142","347","444","163","281","12","8","4","775","380","395","19","8","11","43","19","24","31","18","13"
"148405","Rockford University","2012","387","134","253","0","0","0","3","0","3","21","9","12","16","10","6","0","0","0","274","96","178","10","2","8","59","16","43","4","1","3"
"148487","Roosevelt University","2012","1774","561","1213","2","1","1","91","29","62","329","73","256","192","62","130","2","1","1","944","326","618","64","14","50","68","26","42","82","29","53"
"148496","Dominican University","2012","1058","293","765","1","1","0","35","15","20","77","16","61","152","40","112","1","0","1","665","166","499","7","0","7","94","38","56","26","17","9"
"148584","University of St Francis","2012","902","218","684","0","0","0","20","7","13","72","11","61","63","17","46","2","1","1","730","174","556","8","4","4","2","2","0","5","2","3"
"148627","Saint Xavier University","2012","1342","357","985","6","5","1","30","9","21","189","37","152","131","44","87","0","0","0","897","233","664","12","3","9","67","19","48","10","7","3"
"148654","University of Illinois at Springfield","2012","1326","595","731","4","2","2","41","23","18","116","38","78","23","6","17","1","0","1","979","431","548","18","6","12","19","10","9","125","79","46"
"148849","Shimer College","2012","18","10","8","0","0","0","2","1","1","0","0","0","0","0","0","0","0","0","14","8","6","1","1","0","1","0","1","0","0","0"
"149222","Southern Illinois University Carbondale","2012","5146","2910","2236","16","11","5","109","63","46","656","297","359","256","163","93","9","7","2","3531","2016","1515","111","53","58","80","58","22","378","242","136"
"149231","Southern Illinois University Edwardsville","2012","3049","1327","1722","9","7","2","50","27","23","230","67","163","81","42","39","7","3","4","2380","1022","1358","67","27","40","95","56","39","130","76","54"
"149505","Trinity Christian College","2012","301","92","209","0","0","0","1","1","0","23","5","18","21","5","16","1","0","1","228","71","157","2","0","2","12","3","9","13","7","6"
"149514","Trinity International University-Illinois","2012","416","248","168","2","0","2","26","18","8","47","17","30","6","3","3","0","0","0","200","125","75","1","1","0","99","59","40","35","25","10"
"149772","Western Illinois University","2012","3059","1567","1492","3","1","2","26","12","14","170","81","89","140","77","63","4","4","0","2403","1216","1187","34","14","20","143","83","60","136","79","57"
"149781","Wheaton College","2012","799","385","414","1","1","0","61","26","35","29","14","15","23","6","17","0","0","0","645","313","332","0","0","0","16","9","7","24","16","8"
"150066","Anderson University","2012","592","274","318","4","0","4","7","3","4","32","12","20","8","5","3","0","0","0","491","229","262","1","0","1","32","17","15","17","8","9"
"150136","Ball State University","2012","4849","2105","2744","11","5","6","28","17","11","220","137","83","69","29","40","12","0","12","4138","1760","2378","17","7","10","211","80","131","143","70","73"
"150145","Bethel College-Indiana","2012","621","216","405","2","1","1","3","1","2","81","15","66","16","5","11","0","0","0","499","186","313","9","2","7","0","0","0","11","6","5"
"150163","Butler University","2012","1090","431","659","2","1","1","23","10","13","37","12","25","20","4","16","0","0","0","936","373","563","9","4","5","63","27","36","0","0","0"
"150172","Calumet College of Saint Joseph","2012","332","157","175","2","1","1","2","1","1","95","30","65","79","44","35","0","0","0","152","80","72","1","1","0","1","0","1","0","0","0"
"150400","DePauw University","2012","499","192","307","1","1","0","21","12","9","30","9","21","26","13","13","0","0","0","358","138","220","11","3","8","0","0","0","52","16","36"
"150455","Earlham College","2012","259","111","148","2","1","1","6","3","3","17","8","9","7","5","2","0","0","0","167","68","99","5","3","2","28","12","16","27","11","16"
"150534","University of Evansville","2012","583","217","366","0","0","0","7","1","6","20","9","11","11","6","5","1","0","1","422","155","267","7","2","5","85","24","61","30","20","10"
"150604","Franklin College","2012","211","106","105","0","0","0","0","0","0","4","2","2","2","1","1","0","0","0","201","103","98","2","0","2","2","0","2","0","0","0"
"150668","Goshen College","2012","221","81","140","0","0","0","7","3","4","4","1","3","12","3","9","0","0","0","181","66","115","3","1","2","3","3","0","11","4","7"
"150677","Grace College and Theological Seminary","2012","525","335","190","0","0","0","4","2","2","72","67","5","17","10","7","0","0","0","387","221","166","5","3","2","7","6","1","33","26","7"
"150756","Hanover College","2012","232","89","143","0","0","0","4","1","3","3","2","1","6","4","2","0","0","0","199","76","123","3","1","2","10","3","7","7","2","5"
"150774","Holy Cross College","2012","76","49","27","0","0","0","0","0","0","3","1","2","4","1","3","1","1","0","63","42","21","0","0","0","0","0","0","5","4","1"
"150941","Huntington University","2012","265","104","161","0","0","0","1","1","0","7","1","6","7","4","3","0","0","0","239","94","145","4","2","2","0","0","0","7","2","5"
"151102","Indiana University-Purdue University-Fort Wayne","2012","1846","800","1046","8","5","3","46","22","24","89","28","61","64","20","44","1","0","1","1563","690","873","13","5","8","19","12","7","43","18","25"
"151111","Indiana University-Purdue University-Indianapolis","2012","6774","2768","4006","14","8","6","264","146","118","489","152","337","191","70","121","2","0","2","5122","2026","3096","68","22","46","233","120","113","391","224","167"
"151166","Harrison College-Indianapolis","2012","1430","270","1160","6","1","5","9","1","8","144","33","111","26","8","18","1","0","1","996","174","822","12","4","8","236","49","187","0","0","0"
"151263","University of Indianapolis","2012","1155","340","815","2","0","2","10","3","7","82","27","55","16","7","9","0","0","0","869","242","627","8","3","5","51","20","31","117","38","79"
"151306","University of Southern Indiana","2012","1811","605","1206","3","2","1","17","4","13","53","15","38","18","4","14","3","1","2","1647","542","1105","25","11","14","11","6","5","34","20","14"
"151324","Indiana State University","2012","2079","947","1132","6","4","2","25","12","13","226","110","116","37","19","18","0","0","0","1571","681","890","33","14","19","31","15","16","150","92","58"
"151333","Indiana University-Kokomo","2012","451","131","320","0","0","0","4","1","3","27","4","23","8","5","3","0","0","0","392","114","278","4","2","2","14","5","9","2","0","2"
"151342","Indiana University-South Bend","2012","985","357","628","4","0","4","8","6","2","66","21","45","41","13","28","2","1","1","788","284","504","8","4","4","23","7","16","45","21","24"
"151351","Indiana University-Bloomington","2012","10333","5298","5035","28","12","16","483","279","204","376","157","219","290","154","136","5","3","2","7681","3881","3800","119","56","63","133","100","33","1218","656","562"
"151360","Indiana University-Northwest","2012","746","241","505","3","1","2","12","7","5","153","36","117","90","29","61","0","0","0","456","154","302","5","1","4","23","10","13","4","3","1"
"151379","Indiana University-Southeast","2012","1099","382","717","4","3","1","14","6","8","53","19","34","22","10","12","1","1","0","959","327","632","9","3","6","26","11","15","11","2","9"
"151388","Indiana University-East","2012","473","144","329","0","0","0","1","1","0","9","5","4","5","1","4","0","0","0","438","127","311","7","3","4","10","6","4","3","1","2"
"151458","International Business College","2012","250","66","184","0","0","0","1","0","1","9","7","2","13","6","7","0","0","0","227","53","174","0","0","0","0","0","0","0","0","0"
"151519","ITT Technical Institute-Indianapolis","2012","1147","712","435","6","2","4","4","2","2","93","55","38","49","24","25","0","0","0","318","221","97","0","0","0","677","408","269","0","0","0"
"151777","Manchester University","2012","261","114","147","3","0","3","1","1","0","6","2","4","4","0","4","0","0","0","231","102","129","4","3","1","2","0","2","10","6","4"
"151786","Marian University","2012","612","213","399","1","0","1","5","1","4","104","30","74","19","4","15","0","0","0","445","165","280","2","1","1","34","10","24","2","2","0"
"151801","Indiana Wesleyan University","2012","5341","1810","3531","19","6","13","59","24","35","882","203","679","125","51","74","3","1","2","4160","1486","2674","44","18","26","46","18","28","3","3","0"
"151810","Martin University","2012","81","18","63","0","0","0","0","0","0","75","15","60","1","1","0","0","0","0","2","0","2","2","1","1","1","1","0","0","0","0"
"152080","University of Notre Dame","2012","3345","1905","1440","12","7","5","177","90","87","81","45","36","271","149","122","0","0","0","2354","1341","1013","75","30","45","122","89","33","253","154","99"
"152099","Oakland City University","2012","509","321","188","4","3","1","3","2","1","82","50","32","11","8","3","0","0","0","354","223","131","5","3","2","50","32","18","0","0","0"
"152248","Purdue University-Calumet Campus","2012","1475","642","833","1","1","0","23","13","10","165","44","121","176","64","112","2","1","1","802","350","452","20","6","14","106","33","73","180","130","50"
"152266","Purdue University-North Central Campus","2012","586","270","316","6","1","5","6","6","0","31","23","8","22","12","10","0","0","0","515","226","289","4","1","3","0","0","0","2","1","1"
"152336","University of Saint Francis-Fort Wayne","2012","487","140","347","0","0","0","3","0","3","20","5","15","21","6","15","0","0","0","432","125","307","7","2","5","2","1","1","2","1","1"
"152363","Saint Josephs College","2012","246","90","156","0","0","0","1","1","0","18","11","7","13","7","6","1","0","1","207","67","140","5","4","1","0","0","0","1","0","1"
"152381","Saint Mary-of-the-Woods College","2012","222","17","205","1","0","1","0","0","0","8","2","6","5","0","5","0","0","0","181","12","169","0","0","0","25","3","22","2","0","2"
"152390","Saint Mary's College","2012","399","0","399","1","0","1","6","0","6","5","0","5","29","0","29","0","0","0","343","0","343","4","0","4","8","0","8","3","0","3"
"152530","Taylor University","2012","462","195","267","0","0","0","8","1","7","11","5","6","13","8","5","0","0","0","416","175","241","2","0","2","0","0","0","12","6","6"
"152567","Trine University","2012","270","182","88","0","0","0","0","0","0","7","4","3","5","4","1","0","0","0","215","140","75","3","1","2","27","22","5","13","11","2"
"152600","Valparaiso University","2012","1071","492","579","2","0","2","19","5","14","51","15","36","58","22","36","2","2","0","792","366","426","15","5","10","16","9","7","116","68","48"
"152673","Wabash College","2012","187","187","0","1","1","0","2","2","0","10","10","0","5","5","0","0","0","0","154","154","0","1","1","0","3","3","0","11","11","0"
"152992","Briar Cliff University","2012","219","72","147","2","0","2","6","0","6","6","4","2","15","2","13","1","1","0","187","63","124","2","2","0","0","0","0","0","0","0"
"153001","Buena Vista University","2012","774","253","521","2","2","0","6","2","4","14","3","11","28","11","17","0","0","0","711","231","480","2","0","2","7","4","3","4","0","4"
"153108","Central College","2012","319","141","178","1","1","0","4","2","2","4","3","1","6","4","2","0","0","0","299","128","171","1","0","1","1","0","1","3","3","0"
"153126","Clarke University","2012","288","67","221","0","0","0","1","1","0","6","3","3","3","1","2","0","0","0","172","37","135","0","0","0","102","24","78","4","1","3"
"153144","Coe College","2012","279","125","154","0","0","0","5","2","3","7","4","3","4","1","3","0","0","0","225","101","124","3","1","2","21","6","15","14","10","4"
"153162","Cornell College","2012","249","119","130","3","1","2","10","4","6","5","0","5","7","5","2","0","0","0","206","103","103","4","1","3","8","1","7","6","4","2"
"153250","Dordt College","2012","306","147","159","0","0","0","1","1","0","1","1","0","1","0","1","0","0","0","269","131","138","0","0","0","2","1","1","32","13","19"
"153269","Drake University","2012","1373","582","791","1","1","0","43","17","26","37","17","20","28","16","12","2","0","2","1124","462","662","13","6","7","20","9","11","105","54","51"
"153278","University of Dubuque","2012","476","235","241","2","0","2","5","4","1","32","22","10","13","9","4","0","0","0","356","164","192","0","0","0","34","18","16","34","18","16"
"153366","Graceland University-Lamoni","2012","678","169","509","2","0","2","4","2","2","20","9","11","23","11","12","3","2","1","523","113","410","10","2","8","65","19","46","28","11","17"
"153375","Grand View University","2012","495","184","311","0","0","0","14","5","9","21","10","11","15","3","12","0","0","0","390","135","255","9","2","7","43","26","17","3","3","0"
"153384","Grinnell College","2012","438","196","242","2","1","1","21","11","10","15","7","8","34","13","21","0","0","0","277","122","155","19","9","10","22","12","10","48","21","27"
"153409","Kaplan University-Mason City Campus","2012","136","38","98","0","0","0","0","0","0","3","1","2","5","0","5","0","0","0","127","37","90","0","0","0","1","0","1","0","0","0"
"153418","Kaplan University-Cedar Rapids Campus","2012","333","83","250","2","0","2","4","1","3","30","9","21","10","4","6","1","1","0","260","60","200","2","1","1","24","7","17","0","0","0"
"153603","Iowa State University","2012","6200","3327","2873","8","4","4","155","79","76","127","74","53","146","70","76","0","0","0","4784","2554","2230","31","14","17","258","130","128","691","402","289"
"153621","Iowa Wesleyan College","2012","179","56","123","0","0","0","1","1","0","12","8","4","9","4","5","0","0","0","126","30","96","1","1","0","12","4","8","18","8","10"
"153658","University of Iowa","2012","6700","3158","3542","31","15","16","253","110","143","180","82","98","202","90","112","9","6","3","5097","2396","2701","32","13","19","381","203","178","515","243","272"
"153825","Loras College","2012","334","167","167","1","1","0","1","1","0","3","3","0","6","4","2","0","0","0","298","146","152","1","0","1","8","4","4","16","8","8"
"153834","Luther College","2012","577","240","337","0","0","0","8","1","7","7","3","4","14","10","4","0","0","0","511","203","308","4","2","2","5","4","1","28","17","11"
"153861","Maharishi University of Management","2012","261","172","89","0","0","0","8","4","4","10","6","4","3","2","1","0","0","0","43","22","21","4","1","3","2","1","1","191","136","55"
"154004","Morningside College","2012","387","117","270","2","1","1","3","1","2","3","3","0","3","1","2","0","0","0","278","89","189","1","0","1","90","20","70","7","2","5"
"154013","Mount Mercy University","2012","496","153","343","0","0","0","6","0","6","14","5","9","12","3","9","0","0","0","430","127","303","7","3","4","21","10","11","6","5","1"
"154022","Ashford University","2012","17016","5112","11904","168","48","120","318","121","197","4922","1101","3821","1434","476","958","106","39","67","9298","3109","6189","301","80","221","440","121","319","29","17","12"
"154095","University of Northern Iowa","2012","3022","1198","1824","5","1","4","24","11","13","51","26","25","62","26","36","1","0","1","2709","1053","1656","18","7","11","50","26","24","102","48","54"
"154101","Northwestern College","2012","222","85","137","0","0","0","2","0","2","0","0","0","4","1","3","0","0","0","210","81","129","0","0","0","0","0","0","6","3","3"
"154235","Saint Ambrose University","2012","936","334","602","3","1","2","10","1","9","24","13","11","32","18","14","0","0","0","778","267","511","3","0","3","86","34","52","0","0","0"
"154350","Simpson College","2012","464","179","285","1","0","1","11","2","9","5","3","2","6","4","2","0","0","0","430","165","265","2","1","1","5","2","3","4","2","2"
"154493","Upper Iowa University","2012","1639","626","1013","3","2","1","31","10","21","263","81","182","62","27","35","3","2","1","1222","480","742","12","1","11","7","4","3","36","19","17"
"154518","Waldorf College","2012","104","66","38","1","1","0","0","0","0","8","7","1","7","4","3","0","0","0","86","52","34","1","1","0","1","1","0","0","0","0"
"154527","Wartburg College","2012","383","165","218","2","2","0","3","1","2","14","6","8","5","2","3","0","0","0","335","140","195","2","1","1","1","1","0","21","12","9"
"154590","William Penn University","2012","506","230","276","1","1","0","6","3","3","37","27","10","34","15","19","2","1","1","383","163","220","1","1","0","36","16","20","6","3","3"
"154688","Baker University","2012","1297","487","810","14","5","9","16","6","10","90","28","62","46","17","29","1","0","1","1027","385","642","13","8","5","89","38","51","1","0","1"
"154712","Benedictine College","2012","304","118","186","0","0","0","0","0","0","14","9","5","24","11","13","0","0","0","216","68","148","5","1","4","41","26","15","4","3","1"
"154721","Bethany College","2012","97","41","56","0","0","0","0","0","0","9","7","2","11","7","4","3","2","1","73","25","48","1","0","1","0","0","0","0","0","0"
"154749","Bethel College-North Newton","2012","102","42","60","2","0","2","0","0","0","3","2","1","5","3","2","0","0","0","87","34","53","2","1","1","0","0","0","3","2","1"
"154855","Central Christian College of Kansas","2012","71","30","41","2","0","2","0","0","0","10","7","3","2","1","1","0","0","0","55","21","34","0","0","0","1","0","1","1","1","0"
"155007","Donnelly College","2012","51","13","38","0","0","0","1","1","0","24","4","20","10","4","6","0","0","0","10","4","6","1","0","1","0","0","0","5","0","5"
"155025","Emporia State University","2012","1370","459","911","4","1","3","14","3","11","43","17","26","32","9","23","4","1","3","1094","353","741","18","6","12","51","16","35","110","53","57"
"155061","Fort Hays State University","2012","2978","1164","1814","6","2","4","15","9","6","53","28","25","70","28","42","2","1","1","1366","494","872","23","11","12","63","31","32","1380","560","820"
"155089","Friends University","2012","822","321","501","10","3","7","20","10","10","63","23","40","40","16","24","0","0","0","566","207","359","9","4","5","114","58","56","0","0","0"
"155317","University of Kansas","2012","6784","3079","3705","41","15","26","249","104","145","220","91","129","281","112","169","4","2","2","5370","2431","2939","123","51","72","95","51","44","401","222","179"
"155335","Newman University","2012","521","163","358","9","2","7","19","9","10","30","12","18","55","13","42","0","0","0","377","111","266","6","3","3","1","1","0","24","12","12"
"155399","Kansas State University","2012","4686","2313","2373","19","6","13","64","26","38","154","86","68","193","83","110","4","3","1","3770","1838","1932","82","40","42","77","35","42","323","196","127"
"155414","Kansas Wesleyan University","2012","168","71","97","1","0","1","4","1","3","11","6","5","16","10","6","0","0","0","121","49","72","0","0","0","1","0","1","14","5","9"
"155511","McPherson College","2012","123","54","69","2","0","2","1","1","0","10","9","1","9","3","6","2","1","1","96","39","57","3","1","2","0","0","0","0","0","0"
"155520","MidAmerica Nazarene University","2012","615","207","408","4","1","3","5","1","4","80","31","49","27","13","14","3","1","2","451","147","304","22","7","15","22","6","16","1","0","1"
"155627","Ottawa University-Ottawa","2012","91","40","51","3","0","3","1","1","0","10","6","4","3","3","0","0","0","0","68","27","41","0","0","0","6","3","3","0","0","0"
"155636","Ottawa University-Kansas City","2012","129","41","88","0","0","0","1","1","0","9","4","5","1","0","1","0","0","0","76","26","50","0","0","0","42","10","32","0","0","0"
"155681","Pittsburg State University","2012","1678","827","851","30","12","18","7","3","4","42","24","18","39","12","27","0","0","0","1382","672","710","35","23","12","3","1","2","140","80","60"
"155812","University of Saint Mary","2012","238","77","161","1","0","1","5","3","2","16","8","8","14","1","13","0","0","0","175","59","116","0","0","0","27","6","21","0","0","0"
"155900","Southwestern College","2012","734","404","330","1","0","1","13","8","5","73","45","28","45","22","23","1","1","0","497","265","232","19","11","8","77","48","29","8","4","4"
"155937","Sterling College","2012","129","62","67","2","1","1","1","1","0","12","9","3","6","4","2","0","0","0","104","46","58","0","0","0","4","1","3","0","0","0"
"155973","Tabor College","2012","119","45","74","0","0","0","1","0","1","5","5","0","10","2","8","0","0","0","97","35","62","0","0","0","4","2","2","2","1","1"
"156082","Washburn University","2012","1294","473","821","4","1","3","24","6","18","52","17","35","65","21","44","0","0","0","922","332","590","28","8","20","169","74","95","30","14","16"
"156125","Wichita State University","2012","2875","1273","1602","26","7","19","154","84","70","146","50","96","161","61","100","0","0","0","1886","768","1118","24","9","15","147","73","74","331","221","110"
"156189","Alice Lloyd College","2012","94","37","57","0","0","0","0","0","0","1","1","0","0","0","0","1","0","1","92","36","56","0","0","0","0","0","0","0","0","0"
"156213","Asbury University","2012","290","96","194","0","0","0","3","1","2","7","1","6","8","5","3","0","0","0","265","86","179","0","0","0","2","0","2","5","3","2"
"156286","Bellarmine University","2012","876","307","569","2","2","0","24","7","17","37","13","24","23","6","17","1","0","1","705","238","467","4","3","1","71","31","40","9","7","2"
"156295","Berea College","2012","309","128","181","1","1","0","3","3","0","52","23","29","12","6","6","1","0","1","195","75","120","13","4","9","1","0","1","31","16","15"
"156356","Brescia University","2012","123","37","86","1","0","1","1","0","1","4","1","3","5","5","0","0","0","0","102","27","75","0","0","0","9","3","6","1","1","0"
"156365","Campbellsville University","2012","630","248","382","0","0","0","3","1","2","57","27","30","5","1","4","0","0","0","483","179","304","2","1","1","21","9","12","59","30","29"
"156408","Centre College","2012","288","137","151","0","0","0","4","2","2","13","10","3","9","6","3","0","0","0","255","115","140","0","0","0","0","0","0","7","4","3"
"156541","University of the Cumberlands","2012","982","319","663","1","0","1","6","1","5","37","19","18","14","5","9","0","0","0","877","273","604","2","0","2","34","14","20","11","7","4"
"156620","Eastern Kentucky University","2012","3158","1231","1927","6","5","1","25","10","15","128","53","75","44","23","21","4","1","3","2782","1044","1738","60","22","38","33","24","9","76","49","27"
"156745","Georgetown College","2012","425","141","284","0","0","0","0","0","0","31","13","18","4","2","2","0","0","0","389","125","264","0","0","0","0","0","0","1","1","0"
"157058","Kentucky State University","2012","342","121","221","0","0","0","2","1","1","178","63","115","2","1","1","0","0","0","118","42","76","5","2","3","30","9","21","7","3","4"
"157076","Kentucky Wesleyan College","2012","139","81","58","0","0","0","0","0","0","8","8","0","2","1","1","0","0","0","111","62","49","0","0","0","17","10","7","1","0","1"
"157085","University of Kentucky","2012","5807","2730","3077","10","6","4","122","54","68","293","111","182","80","33","47","0","0","0","4764","2228","2536","28","16","12","244","130","114","266","152","114"
"157100","Kentucky Christian University","2012","109","55","54","0","0","0","1","1","0","5","5","0","1","1","0","0","0","0","94","45","49","1","0","1","0","0","0","7","3","4"
"157216","Lindsey Wilson College","2012","530","137","393","6","3","3","3","0","3","45","12","33","0","0","0","0","0","0","409","100","309","10","1","9","50","18","32","7","3","4"
"157289","University of Louisville","2012","4683","2201","2482","12","4","8","137","70","67","427","135","292","127","60","67","2","0","2","3729","1802","1927","58","24","34","13","9","4","178","97","81"
"157359","Mid-Continent University","2012","672","234","438","0","0","0","2","1","1","87","16","71","9","4","5","0","0","0","553","204","349","2","1","1","13","4","9","6","4","2"
"157377","Midway College","2012","404","80","324","2","0","2","3","1","2","22","4","18","0","0","0","6","2","4","345","66","279","4","0","4","21","7","14","1","0","1"
"157386","Morehead State University","2012","1734","620","1114","4","2","2","13","6","7","55","30","25","9","2","7","0","0","0","1600","562","1038","6","1","5","30","10","20","17","7","10"
"157401","Murray State University","2012","2272","843","1429","5","4","1","24","7","17","147","61","86","20","10","10","0","0","0","1881","663","1218","6","2","4","32","17","15","157","79","78"
"157447","Northern Kentucky University","2012","2740","1122","1618","6","1","5","34","16","18","133","39","94","28","9","19","0","0","0","2340","961","1379","21","8","13","123","60","63","55","28","27"
"157535","University of Pikeville","2012","214","94","120","0","0","0","3","1","2","15","14","1","1","0","1","0","0","0","190","76","114","0","0","0","5","3","2","0","0","0"
"157632","Saint Catharine College","2012","154","43","111","0","0","0","2","1","1","13","5","8","3","1","2","0","0","0","133","35","98","2","1","1","1","0","1","0","0","0"
"157757","Spalding University","2012","574","115","459","2","0","2","7","1","6","114","12","102","11","1","10","0","0","0","377","88","289","16","4","12","43","8","35","4","1","3"
"157793","Sullivan University","2012","1405","602","803","2","0","2","31","14","17","234","79","155","3","1","2","1","1","0","875","386","489","91","32","59","55","24","31","113","65","48"
"157809","Thomas More College","2012","393","186","207","2","2","0","4","2","2","13","9","4","3","3","0","0","0","0","314","142","172","1","0","1","52","28","24","4","0","4"
"157818","Transylvania University","2012","248","96","152","1","0","1","1","1","0","9","3","6","3","1","2","0","0","0","217","84","133","3","1","2","14","6","8","0","0","0"
"157863","Union College","2012","369","144","225","1","0","1","0","0","0","8","6","2","0","0","0","0","0","0","297","116","181","0","0","0","58","20","38","5","2","3"
"157951","Western Kentucky University","2012","4015","1526","2489","12","7","5","48","16","32","255","98","157","60","23","37","0","0","0","3417","1267","2150","38","16","22","23","12","11","162","87","75"
"158477","Centenary College of Louisiana","2012","190","78","112","0","0","0","4","3","1","15","5","10","6","4","2","0","0","0","155","62","93","4","1","3","2","1","1","4","2","2"
"158802","Dillard University","2012","133","31","102","0","0","0","0","0","0","125","29","96","1","1","0","0","0","0","2","0","2","0","0","0","1","0","1","4","1","3"
"159009","Grambling State University","2012","897","318","579","0","0","0","0","0","0","668","235","433","8","4","4","0","0","0","24","7","17","4","1","3","99","30","69","94","41","53"
"159382","Louisiana State University-Alexandria","2012","299","95","204","3","1","2","5","2","3","45","15","30","9","3","6","0","0","0","233","73","160","4","1","3","0","0","0","0","0","0"
"159391","Louisiana State University and Agricultural & Mechanical College","2012","6392","3034","3358","26","15","11","192","88","104","517","173","344","228","100","128","3","0","3","4808","2289","2519","34","15","19","174","93","81","410","261","149"
"159416","Louisiana State University-Shreveport","2012","621","237","384","5","0","5","0","0","0","114","31","83","38","18","20","0","0","0","419","173","246","0","0","0","32","11","21","13","4","9"
"159568","Louisiana College","2012","275","100","175","1","1","0","6","3","3","56","13","43","5","2","3","0","0","0","190","77","113","1","1","0","1","0","1","15","3","12"
"159647","Louisiana Tech University","2012","1844","879","965","6","2","4","14","7","7","198","83","115","22","11","11","0","0","0","1095","526","569","0","0","0","326","132","194","183","118","65"
"159656","Loyola University-New Orleans","2012","1145","424","721","9","5","4","39","15","24","172","36","136","89","35","54","1","0","1","708","281","427","18","6","12","89","36","53","20","10","10"
"159717","McNeese State University","2012","1489","575","914","9","4","5","18","9","9","209","65","144","22","11","11","0","0","0","1100","411","689","8","4","4","5","3","2","118","68","50"
"159939","University of New Orleans","2012","2097","958","1139","13","5","8","102","49","53","257","92","165","145","67","78","1","1","0","1176","530","646","8","3","5","219","100","119","176","111","65"
"159966","Nicholls State University","2012","1212","440","772","24","10","14","7","4","3","191","50","141","17","4","13","0","0","0","898","349","549","16","5","11","19","5","14","40","13","27"
"159993","University of Louisiana-Monroe","2012","1563","561","1002","4","1","3","48","18","30","306","91","215","24","12","12","0","0","0","1075","388","687","10","4","6","41","19","22","55","28","27"
"160038","Northwestern State University of Louisiana","2012","2219","693","1526","20","11","9","22","10","12","622","169","453","60","27","33","2","0","2","1360","424","936","41","15","26","81","32","49","11","5","6"
"160065","Our Lady of Holy Cross College","2012","207","38","169","4","0","4","9","2","7","49","5","44","11","1","10","0","0","0","118","25","93","0","0","0","16","5","11","0","0","0"
"160612","Southeastern Louisiana University","2012","2396","867","1529","9","6","3","21","10","11","328","100","228","57","23","34","2","0","2","1882","686","1196","15","7","8","47","16","31","35","19","16"
"160621","Southern University and A & M College","2012","1137","377","760","1","0","1","32","21","11","1025","332","693","6","5","1","0","0","0","42","12","30","0","0","0","30","6","24","1","1","0"
"160630","Southern University at New Orleans","2012","468","120","348","2","0","2","3","1","2","436","106","330","1","1","0","0","0","0","15","5","10","0","0","0","10","6","4","1","1","0"
"160658","University of Louisiana at Lafayette","2012","2727","1137","1590","8","1","7","41","19","22","401","135","266","50","23","27","0","0","0","1988","805","1183","2","0","2","52","25","27","185","129","56"
"160755","Tulane University of Louisiana","2012","3403","1627","1776","19","9","10","189","90","99","217","76","141","142","69","73","1","0","1","2124","1004","1120","41","12","29","339","170","169","331","197","134"
"160904","Xavier University of Louisiana","2012","564","150","414","1","1","0","62","23","39","407","90","317","13","3","10","0","0","0","31","10","21","21","9","12","3","0","3","26","14","12"
"160959","College of the Atlantic","2012","81","24","57","0","0","0","0","0","0","0","0","0","3","1","2","0","0","0","53","12","41","0","0","0","10","5","5","15","6","9"
"160977","Bates College","2012","463","207","256","1","1","0","22","9","13","24","13","11","22","9","13","2","1","1","350","159","191","10","4","6","4","2","2","28","9","19"
"161004","Bowdoin College","2012","452","221","231","1","0","1","30","17","13","20","6","14","54","26","28","1","1","0","304","150","154","29","15","14","0","0","0","13","6","7"
"161086","Colby College","2012","472","220","252","2","0","2","33","12","21","6","3","3","12","5","7","0","0","0","289","148","141","2","1","1","110","43","67","18","8","10"
"161165","Husson University","2012","616","232","384","1","1","0","6","2","4","12","8","4","10","5","5","0","0","0","576","211","365","2","1","1","0","0","0","9","4","5"
"161217","University of Maine at Augusta","2012","614","152","462","13","4","9","4","0","4","8","6","2","5","2","3","0","0","0","500","111","389","5","2","3","78","26","52","1","1","0"
"161226","University of Maine at Farmington","2012","390","117","273","3","1","2","5","3","2","4","2","2","4","1","3","0","0","0","338","100","238","0","0","0","36","10","26","0","0","0"
"161235","University of Maine at Fort Kent","2012","153","62","91","5","3","2","0","0","0","2","1","1","1","1","0","0","0","0","118","47","71","0","0","0","8","1","7","19","9","10"
"161244","University of Maine at Machias","2012","99","36","63","4","0","4","0","0","0","0","0","0","0","0","0","0","0","0","78","29","49","2","1","1","13","4","9","2","2","0"
"161253","University of Maine","2012","2286","1052","1234","27","16","11","33","20","13","24","16","8","18","9","9","0","0","0","1871","843","1028","0","0","0","245","111","134","68","37","31"
"161299","Maine Maritime Academy","2012","179","141","38","0","0","0","2","2","0","1","1","0","0","0","0","0","0","0","176","138","38","0","0","0","0","0","0","0","0","0"
"161341","University of Maine at Presque Isle","2012","236","86","150","3","3","0","0","0","0","2","2","0","2","1","1","0","0","0","143","55","88","8","4","4","9","4","5","69","17","52"
"161457","University of New England","2012","1301","374","927","4","2","2","36","14","22","33","10","23","18","6","12","2","0","2","1038","289","749","11","3","8","150","44","106","9","6","3"
"161518","Saint Joseph's College of Maine","2012","554","167","387","0","0","0","7","2","5","20","7","13","9","4","5","0","0","0","383","109","274","0","0","0","135","45","90","0","0","0"
"161554","University of Southern Maine","2012","1950","737","1213","20","8","12","22","6","16","29","17","12","25","9","16","0","0","0","1638","625","1013","18","7","11","188","60","128","10","5","5"
"161563","Thomas College","2012","222","100","122","0","0","0","3","2","1","4","3","1","2","1","1","0","0","0","196","83","113","1","1","0","14","9","5","2","1","1"
"161572","Unity College","2012","138","60","78","0","0","0","0","0","0","1","0","1","3","1","2","0","0","0","134","59","75","0","0","0","0","0","0","0","0","0"
"161873","University of Baltimore","2012","1474","596","878","4","3","1","84","42","42","365","91","274","37","12","25","2","1","1","733","344","389","22","6","16","176","73","103","51","24","27"
"162007","Bowie State University","2012","980","306","674","4","1","3","15","6","9","859","263","596","12","7","5","1","0","1","60","17","43","4","1","3","25","11","14","0","0","0"
"162210","Washington Adventist University","2012","315","86","229","0","0","0","21","8","13","163","36","127","20","9","11","0","0","0","28","9","19","0","0","0","75","22","53","8","2","6"
"162283","Coppin State University","2012","514","110","404","0","0","0","1","0","1","425","85","340","2","1","1","1","0","1","10","5","5","3","1","2","23","3","20","49","15","34"
"162584","Frostburg State University","2012","1067","491","576","2","0","2","11","5","6","176","87","89","37","18","19","2","1","1","806","367","439","22","7","15","2","1","1","9","5","4"
"162654","Goucher College","2012","460","123","337","0","0","0","2","1","1","42","9","33","16","1","15","0","0","0","256","67","189","7","3","4","134","41","93","3","1","2"
"162760","Hood College","2012","596","192","404","0","0","0","17","10","7","44","15","29","21","8","13","0","0","0","447","133","314","12","3","9","26","11","15","29","12","17"
"162928","Johns Hopkins University","2012","7681","3531","4150","15","6","9","985","459","526","616","216","400","402","188","214","17","4","13","4094","1884","2210","176","71","105","311","186","125","1065","517","548"
"163046","Loyola University Maryland","2012","1702","618","1084","4","0","4","65","22","43","97","30","67","56","23","33","1","1","0","1375","493","882","22","6","16","50","30","20","32","13","19"
"163204","University of Maryland-University College","2012","8393","3645","4748","34","13","21","458","239","219","2651","1017","1634","494","217","277","20","10","10","3418","1677","1741","64","25","39","1074","369","705","180","78","102"
"163268","University of Maryland-Baltimore County","2012","2835","1413","1422","6","3","3","506","250","256","395","161","234","111","50","61","18","8","10","1489","791","698","38","16","22","58","27","31","214","107","107"
"163286","University of Maryland-College Park","2012","9707","5005","4702","18","11","7","1250","642","608","985","401","584","571","239","332","16","12","4","5453","2939","2514","187","77","110","282","142","140","945","542","403"
"163338","University of Maryland Eastern Shore","2012","758","298","460","2","0","2","14","7","7","520","190","330","19","8","11","1","0","1","130","52","78","6","1","5","21","8","13","45","32","13"
"163453","Morgan State University","2012","1191","472","719","2","0","2","19","8","11","950","350","600","38","16","22","4","1","3","45","26","19","25","7","18","9","4","5","99","60","39"
"163462","Mount St Mary's University","2012","525","247","278","1","1","0","16","7","9","33","15","18","27","4","23","0","0","0","420","208","212","5","2","3","8","2","6","15","8","7"
"163578","Notre Dame of Maryland University","2012","705","83","622","3","0","3","29","2","27","152","8","144","12","1","11","2","0","2","493","69","424","0","0","0","6","2","4","8","1","7"
"163851","Salisbury University","2012","1983","779","1204","8","3","5","40","19","21","199","80","119","46","12","34","1","0","1","1624","636","988","19","5","14","10","6","4","36","18","18"
"163912","St Mary's College of Maryland","2012","470","185","285","0","0","0","17","6","11","33","9","24","9","3","6","0","0","0","367","148","219","8","3","5","30","14","16","6","2","4"
"163921","Sojourner-Douglass College","2012","222","24","198","0","0","0","1","0","1","206","22","184","0","0","0","0","0","0","4","1","3","0","0","0","4","1","3","7","0","7"
"163976","St John's College","2012","159","85","74","1","1","0","4","3","1","2","2","0","4","2","2","0","0","0","127","70","57","7","2","5","5","4","1","9","1","8"
"164076","Towson University","2012","5208","1902","3306","24","8","16","196","83","113","592","164","428","155","51","104","3","1","2","3629","1327","2302","38","12","26","355","155","200","216","101","115"
"164173","Stevenson University","2012","866","236","630","2","1","1","19","2","17","130","28","102","15","6","9","1","0","1","646","186","460","2","0","2","41","9","32","10","4","6"
"164216","Washington College","2012","334","137","197","1","1","0","2","0","2","14","6","8","5","3","2","1","0","1","293","116","177","0","0","0","12","9","3","6","2","4"
"164270","McDaniel College","2012","806","274","532","1","0","1","29","8","21","52","14","38","25","9","16","1","1","0","688","236","452","5","3","2","2","1","1","3","2","1"
"164447","American International College","2012","1128","304","824","3","2","1","9","1","8","111","50","61","36","10","26","14","4","10","592","156","436","1","0","1","341","73","268","21","8","13"
"164465","Amherst College","2012","442","220","222","0","0","0","43","19","24","45","20","25","47","20","27","0","0","0","165","85","80","26","15","11","73","38","35","43","23","20"
"164492","Anna Maria College","2012","338","153","185","1","0","1","6","2","4","28","9","19","17","10","7","0","0","0","237","107","130","0","0","0","48","25","23","1","0","1"
"164562","Assumption College","2012","687","229","458","1","0","1","12","5","7","19","8","11","26","6","20","0","0","0","507","158","349","7","3","4","105","42","63","10","7","3"
"164632","Bay Path College","2012","673","33","640","1","0","1","11","2","9","69","4","65","48","1","47","1","1","0","447","22","425","3","0","3","89","3","86","4","0","4"
"164720","Becker College","2012","338","85","253","3","1","2","7","3","4","13","6","7","19","4","15","0","0","0","217","55","162","1","0","1","78","16","62","0","0","0"
"164739","Bentley University","2012","1804","989","815","9","5","4","142","69","73","41","22","19","68","33","35","0","0","0","994","578","416","33","16","17","193","113","80","324","153","171"
"164924","Boston College","2012","3416","1442","1974","5","2","3","239","90","149","164","67","97","194","82","112","2","1","1","2253","935","1318","34","11","23","235","108","127","290","146","144"
"164988","Boston University","2012","9330","3990","5340","17","7","10","948","410","538","294","114","180","536","204","332","18","5","13","4812","1967","2845","171","67","104","1118","517","601","1416","699","717"
"165015","Brandeis University","2012","1715","780","935","4","0","4","139","71","68","54","25","29","84","36","48","1","0","1","720","311","409","7","3","4","501","229","272","205","105","100"
"165024","Bridgewater State University","2012","2247","788","1459","3","2","1","34","9","25","96","39","57","69","33","36","2","0","2","1936","655","1281","39","17","22","32","13","19","36","20","16"
"165167","Cambridge College","2012","1447","338","1109","3","0","3","26","6","20","560","107","453","166","20","146","1","1","0","423","104","319","5","1","4","152","39","113","111","60","51"
"165334","Clark University","2012","1082","454","628","3","1","2","34","15","19","28","15","13","32","13","19","1","0","1","587","250","337","8","3","5","112","49","63","277","108","169"
"165529","Curry College","2012","773","257","516","3","0","3","8","3","5","52","12","40","19","7","12","0","0","0","481","179","302","1","1","0","192","49","143","17","6","11"
"165644","Eastern Nazarene College","2012","279","83","196","0","0","0","9","5","4","40","11","29","24","7","17","0","0","0","157","47","110","6","2","4","39","9","30","4","2","2"
"165662","Emerson College","2012","1252","460","792","6","2","4","43","8","35","35","10","25","79","32","47","9","3","6","683","251","432","16","4","12","292","126","166","89","24","65"
"165671","Emmanuel College","2012","575","134","441","3","1","2","17","4","13","49","12","37","34","12","22","0","0","0","403","93","310","6","0","6","56","9","47","7","3","4"
"165699","Endicott College","2012","781","320","461","4","2","2","6","4","2","22","11","11","16","12","4","1","1","0","615","240","375","2","2","0","90","35","55","25","13","12"
"165802","Fisher College","2012","339","86","253","0","0","0","14","5","9","32","11","21","13","5","8","0","0","0","134","27","107","0","0","0","130","28","102","16","10","6"
"165820","Fitchburg State University","2012","1234","501","733","1","0","1","19","7","12","37","20","17","52","20","32","0","0","0","1051","407","644","18","13","5","25","11","14","31","23","8"
"165866","Framingham State University","2012","1303","353","950","0","0","0","36","16","20","45","11","34","50","17","33","4","1","3","842","209","633","10","5","5","309","93","216","7","1","6"
"165936","Gordon College","2012","374","135","239","0","0","0","4","1","3","3","2","1","10","2","8","0","0","0","326","116","210","19","10","9","0","0","0","12","4","8"
"166018","Hampshire College","2012","356","158","198","3","2","1","8","3","5","13","8","5","30","10","20","0","0","0","256","114","142","6","4","2","27","11","16","13","6","7"
"166027","Harvard University","2012","7277","3662","3615","24","11","13","941","415","526","387","171","216","400","189","211","4","2","2","3164","1577","1587","144","60","84","512","281","231","1701","956","745"
"166124","College of the Holy Cross","2012","692","302","390","2","2","0","40","12","28","30","13","17","59","22","37","1","0","1","430","195","235","1","1","0","119","51","68","10","6","4"
"166391","Lasell College","2012","392","119","273","0","0","0","8","3","5","19","5","14","16","7","9","2","1","1","322","95","227","8","3","5","9","2","7","8","3","5"
"166452","Lesley University","2012","2219","363","1856","13","2","11","31","8","23","90","14","76","90","23","67","2","0","2","1464","236","1228","35","2","33","436","69","367","58","9","49"
"166513","University of Massachusetts-Lowell","2012","3175","1670","1505","3","1","2","253","151","102","165","87","78","212","100","112","1","1","0","2224","1164","1060","81","29","52","105","56","49","131","81","50"
"166629","University of Massachusetts Amherst","2012","6704","3352","3352","18","6","12","474","266","208","208","90","118","301","127","174","6","3","3","4633","2251","2382","127","59","68","550","324","226","387","226","161"
"166638","University of Massachusetts-Boston","2012","3370","1189","2181","12","2","10","345","138","207","352","128","224","273","82","191","0","0","0","2004","684","1320","74","28","46","119","49","70","191","78","113"
"166683","Massachusetts Institute of Technology","2012","3089","1958","1131","14","6","8","487","240","247","129","84","45","219","167","52","0","0","0","1062","671","391","45","25","20","240","140","100","893","625","268"
"166692","Massachusetts Maritime Academy","2012","302","263","39","2","2","0","5","5","0","3","3","0","3","3","0","0","0","0","273","237","36","0","0","0","15","12","3","1","1","0"
"166850","Merrimack College","2012","577","279","298","0","0","0","7","2","5","11","9","2","25","13","12","0","0","0","463","226","237","6","4","2","37","14","23","28","11","17"
"166939","Mount Holyoke College","2012","568","0","568","0","0","0","36","0","36","22","0","22","32","0","32","1","0","1","283","0","283","32","0","32","43","0","43","119","0","119"
"166948","Mount Ida College","2012","268","87","181","0","0","0","10","3","7","20","12","8","14","6","8","0","0","0","160","40","120","0","0","0","49","18","31","15","8","7"
"167251","Newbury College-Brookline","2012","141","59","82","0","0","0","10","5","5","27","11","16","10","4","6","0","0","0","93","38","55","0","0","0","0","0","0","1","1","0"
"167260","Nichols College","2012","376","216","160","1","0","1","9","6","3","20","14","6","17","9","8","0","0","0","321","185","136","2","1","1","0","0","0","6","1","5"
"167288","Massachusetts College of Liberal Arts","2012","388","143","245","2","1","1","4","1","3","15","5","10","13","4","9","1","0","1","311","119","192","1","1","0","41","12","29","0","0","0"
"167358","Northeastern University","2012","7635","3603","4032","17","4","13","473","204","269","361","131","230","319","146","173","0","0","0","3510","1616","1894","77","29","48","1443","675","768","1435","798","637"
"167394","College of Our Lady of the Elms","2012","395","67","328","1","0","1","6","0","6","14","4","10","40","11","29","0","0","0","213","39","174","0","0","0","118","11","107","3","2","1"
"167455","Pine Manor College","2012","77","3","74","1","0","1","4","0","4","23","0","23","9","0","9","0","0","0","18","3","15","12","0","12","7","0","7","3","0","3"
"167729","Salem State University","2012","2021","666","1355","6","2","4","45","12","33","122","39","83","109","35","74","1","1","0","1552","505","1047","15","7","8","75","22","53","96","43","53"
"167783","Simmons College","2012","1715","154","1561","6","1","5","76","5","71","78","6","72","65","1","64","4","0","4","1313","122","1191","14","1","13","118","15","103","41","3","38"
"167792","Bard College at Simon's Rock","2012","174","55","119","0","0","0","7","2","5","13","3","10","9","5","4","0","0","0","100","32","68","20","4","16","18","7","11","7","2","5"
"167835","Smith College","2012","846","21","825","2","0","2","73","1","72","41","0","41","52","1","51","1","0","1","379","16","363","27","0","27","209","1","208","62","2","60"
"167899","Springfield College","2012","980","367","613","13","4","9","19","7","12","59","13","46","34","7","27","1","1","0","764","300","464","0","0","0","90","35","55","0","0","0"
"167987","University of Massachusetts-Dartmouth","2012","1688","816","872","3","1","2","38","21","17","79","40","39","51","19","32","1","0","1","1348","653","695","47","20","27","52","20","32","69","42","27"
"167996","Stonehill College","2012","563","213","350","0","0","0","6","2","4","12","8","4","23","14","9","0","0","0","513","187","326","4","0","4","2","1","1","3","1","2"
"168005","Suffolk University","2012","2557","1123","1434","10","6","4","141","52","89","90","36","54","105","41","64","1","0","1","1491","651","840","7","3","4","385","158","227","327","176","151"
"168148","Tufts University","2012","3076","1321","1755","5","0","5","329","153","176","103","33","70","160","66","94","3","1","2","1673","711","962","66","17","49","374","164","210","363","176","187"
"168218","Wellesley College","2012","559","0","559","1","0","1","133","0","133","42","0","42","62","0","62","0","0","0","255","0","255","23","0","23","7","0","7","36","0","36"
"168227","Wentworth Institute of Technology","2012","857","684","173","1","1","0","32","26","6","36","29","7","21","13","8","0","0","0","598","480","118","2","2","0","144","117","27","23","16","7"
"168254","Western New England University","2012","921","491","430","1","0","1","24","14","10","32","12","20","20","12","8","0","0","0","727","392","335","8","5","3","102","51","51","7","5","2"
"168263","Westfield State University","2012","1370","638","732","3","1","2","18","9","9","37","16","21","52","22","30","0","0","0","1153","541","612","7","2","5","98","45","53","2","2","0"
"168281","Wheaton College","2012","391","149","242","2","2","0","7","3","4","22","7","15","17","6","11","0","0","0","321","120","201","3","2","1","1","0","1","18","9","9"
"168290","Wheelock College","2012","319","28","291","1","0","1","3","0","3","22","2","20","22","3","19","0","0","0","227","14","213","0","0","0","43","9","34","1","0","1"
"168342","Williams College","2012","555","264","291","1","0","1","49","19","30","38","16","22","48","20","28","0","0","0","323","155","168","23","7","16","0","0","0","73","47","26"
"168421","Worcester Polytechnic Institute","2012","1401","1009","392","3","1","2","94","66","28","31","22","9","63","43","20","0","0","0","912","686","226","0","0","0","38","29","9","260","162","98"
"168430","Worcester State University","2012","1233","422","811","3","1","2","24","6","18","59","26","33","78","35","43","1","0","1","990","321","669","8","2","6","59","24","35","11","7","4"
"168528","Adrian College","2012","316","136","180","1","1","0","2","1","1","11","7","4","5","3","2","1","1","0","265","111","154","0","0","0","20","5","15","11","7","4"
"168546","Albion College","2012","380","184","196","1","0","1","11","9","2","8","6","2","9","5","4","0","0","0","333","156","177","6","2","4","5","3","2","7","3","4"
"168591","Alma College","2012","327","142","185","4","1","3","5","1","4","7","5","2","10","5","5","0","0","0","295","126","169","0","0","0","6","4","2","0","0","0"
"168740","Andrews University","2012","749","381","368","1","0","1","62","35","27","181","91","90","116","60","56","8","4","4","277","132","145","12","6","6","2","2","0","90","51","39"
"168786","Aquinas College","2012","475","172","303","2","1","1","10","4","6","11","7","4","24","8","16","0","0","0","423","148","275","0","0","0","3","2","1","2","2","0"
"168838","Baker College of Owosso","2012","560","180","380","5","1","4","1","0","1","12","7","5","10","5","5","0","0","0","532","167","365","0","0","0","0","0","0","0","0","0"
"168847","Baker College of Flint","2012","1014","313","701","10","5","5","3","1","2","141","33","108","29","9","20","0","0","0","830","264","566","0","0","0","1","1","0","0","0","0"
"169080","Calvin College","2012","817","362","455","1","0","1","19","8","11","12","5","7","13","7","6","1","1","0","676","299","377","4","0","4","17","9","8","74","33","41"
"169248","Central Michigan University","2012","6163","2518","3645","24","8","16","65","36","29","833","250","583","168","76","92","3","1","2","4329","1824","2505","79","24","55","452","194","258","210","105","105"
"169363","Concordia University-Ann Arbor","2012","177","70","107","3","3","0","2","1","1","23","4","19","0","0","0","0","0","0","137","54","83","1","0","1","6","5","1","5","3","2"
"169479","Davenport University","2012","2173","799","1374","3","1","2","42","18","24","270","66","204","69","26","43","1","0","1","1352","490","862","12","5","7","333","138","195","91","55","36"
"169716","University of Detroit Mercy","2012","1535","580","955","0","0","0","78","35","43","206","46","160","38","13","25","0","0","0","814","331","483","13","5","8","221","70","151","165","80","85"
"169798","Eastern Michigan University","2012","4131","1669","2462","17","8","9","96","39","57","513","166","347","95","41","54","8","2","6","2861","1171","1690","20","6","14","262","105","157","259","131","128"
"169910","Ferris State University","2012","3396","1775","1621","22","13","9","52","32","20","149","49","100","66","30","36","0","0","0","2802","1488","1314","22","12","10","234","118","116","49","33","16"
"169983","Kettering University","2012","452","343","109","1","1","0","13","11","2","29","15","14","13","7","6","0","0","0","329","253","76","3","3","0","39","33","6","25","20","5"
"170000","Grace Bible College","2012","45","28","17","0","0","0","1","1","0","0","0","0","0","0","0","1","1","0","42","26","16","1","0","1","0","0","0","0","0","0"
"170037","Cornerstone University","2012","641","237","404","3","1","2","0","0","0","74","20","54","16","5","11","0","0","0","518","187","331","5","3","2","0","0","0","25","21","4"
"170082","Grand Valley State University","2012","5313","2088","3225","29","8","21","139","50","89","209","76","133","161","70","91","1","1","0","4573","1794","2779","51","20","31","86","40","46","64","29","35"
"170301","Hope College","2012","738","280","458","2","1","1","12","3","9","16","6","10","22","9","13","0","0","0","664","255","409","6","2","4","0","0","0","16","4","12"
"170532","Kalamazoo College","2012","312","141","171","3","2","1","8","2","6","10","3","7","14","9","5","0","0","0","241","104","137","3","2","1","23","13","10","10","6","4"
"170639","Lake Superior State University","2012","499","227","272","24","8","16","3","2","1","3","2","1","6","2","4","0","0","0","407","185","222","0","0","0","6","4","2","50","24","26"
"170675","Lawrence Technological University","2012","887","631","256","2","2","0","99","71","28","94","49","45","18","16","2","1","1","0","567","413","154","13","9","4","23","17","6","70","53","17"
"170806","Madonna University","2012","1315","288","1027","3","0","3","15","5","10","126","14","112","41","7","34","1","1","0","972","219","753","7","2","5","76","17","59","74","23","51"
"170842","Marygrove College","2012","853","162","691","2","1","1","6","0","6","173","35","138","7","1","6","0","0","0","560","107","453","7","1","6","98","17","81","0","0","0"
"170967","Rochester College","2012","295","114","181","2","1","1","10","3","7","49","13","36","9","1","8","0","0","0","213","89","124","1","0","1","10","6","4","1","1","0"
"170976","University of Michigan-Ann Arbor","2012","11814","6152","5662","24","11","13","1227","647","580","457","164","293","465","206","259","2","2","0","6987","3517","3470","350","155","195","478","264","214","1824","1186","638"
"171100","Michigan State University","2012","11026","4987","6039","43","18","25","502","257","245","626","242","384","285","126","159","8","4","4","8130","3661","4469","136","47","89","240","126","114","1056","506","550"
"171128","Michigan Technological University","2012","1522","1110","412","8","3","5","17","9","8","23","17","6","22","12","10","2","0","2","1091","807","284","10","7","3","63","47","16","286","208","78"
"171137","University of Michigan-Dearborn","2012","1689","806","883","7","3","4","112","64","48","117","42","75","73","37","36","2","1","1","1158","530","628","30","12","18","85","39","46","105","78","27"
"171146","University of Michigan-Flint","2012","1474","541","933","11","6","5","25","12","13","129","42","87","48","18","30","1","0","1","1149","409","740","21","9","12","44","22","22","46","23","23"
"171298","Baker College of Muskegon","2012","967","268","699","6","0","6","8","1","7","72","19","53","30","12","18","2","2","0","849","234","615","0","0","0","0","0","0","0","0","0"
"171456","Northern Michigan University","2012","1743","814","929","49","26","23","8","4","4","12","5","7","11","8","3","0","0","0","1555","722","833","22","11","11","70","29","41","16","9","7"
"171571","Oakland University","2012","3641","1317","2324","11","1","10","144","66","78","217","68","149","59","21","38","0","0","0","2831","1005","1826","10","5","5","267","100","167","102","51","51"
"171599","Olivet College","2012","233","110","123","1","0","1","0","0","0","19","12","7","4","2","2","0","0","0","207","96","111","2","0","2","0","0","0","0","0","0"
"171881","Kuyper College","2012","76","33","43","0","0","0","1","1","0","0","0","0","1","0","1","0","0","0","58","26","32","2","1","1","8","1","7","6","4","2"
"172051","Saginaw Valley State University","2012","1672","649","1023","8","4","4","15","8","7","74","33","41","43","20","23","0","0","0","1393","509","884","12","6","6","46","23","23","81","46","35"
"172264","Siena Heights University","2012","945","336","609","5","2","3","17","8","9","122","29","93","45","15","30","4","2","2","669","242","427","9","2","7","64","28","36","10","8","2"
"172334","Spring Arbor University","2012","1138","305","833","3","0","3","7","3","4","139","17","122","11","1","10","0","0","0","956","276","680","0","0","0","22","8","14","0","0","0"
"172440","Finlandia University","2012","104","30","74","0","0","0","0","0","0","2","1","1","0","0","0","0","0","0","94","27","67","1","0","1","4","1","3","3","1","2"
"172644","Wayne State University","2012","5682","2358","3324","24","8","16","403","183","220","932","254","678","128","44","84","2","1","1","3305","1414","1891","36","12","24","401","168","233","451","274","177"
"172699","Western Michigan University","2012","5371","2527","2844","19","8","11","87","43","44","358","151","207","177","83","94","6","3","3","4162","1919","2243","120","46","74","112","56","56","330","218","112"
"172866","Academy College","2012","43","24","19","0","0","0","6","4","2","10","2","8","1","0","1","0","0","0","23","15","8","0","0","0","3","3","0","0","0","0"
"173045","Augsburg College","2012","824","346","478","8","1","7","34","15","19","48","25","23","20","10","10","1","0","1","630","258","372","12","5","7","61","29","32","10","3","7"
"173124","Bemidji State University","2012","997","453","544","19","10","9","8","4","4","10","9","1","20","12","8","0","0","0","864","384","480","28","6","22","17","8","9","31","20","11"
"173142","Bethany Lutheran College","2012","114","46","68","0","0","0","2","1","1","3","3","0","3","2","1","0","0","0","104","39","65","1","0","1","1","1","0","0","0","0"
"173160","Bethel University","2012","1156","404","752","0","0","0","17","8","9","54","11","43","16","5","11","2","1","1","794","292","502","16","6","10","246","77","169","11","4","7"
"173258","Carleton College","2012","472","233","239","1","1","0","26","7","19","17","12","5","28","12","16","0","0","0","331","168","163","31","12","19","12","6","6","26","15","11"
"173300","Concordia College at Moorhead","2012","636","234","402","1","0","1","8","3","5","6","2","4","2","1","1","0","0","0","553","199","354","3","0","3","46","23","23","17","6","11"
"173328","Concordia University-Saint Paul","2012","959","295","664","3","1","2","34","8","26","72","33","39","25","8","17","3","0","3","717","212","505","10","0","10","94","32","62","1","1","0"
"173452","Martin Luther College","2012","175","78","97","1","1","0","1","0","1","1","1","0","1","0","1","0","0","0","167","75","92","0","0","0","1","0","1","3","1","2"
"173629","Globe University-Woodbury","2012","350","95","255","5","1","4","18","7","11","16","1","15","7","2","5","0","0","0","273","74","199","2","2","0","29","8","21","0","0","0"
"173647","Gustavus Adolphus College","2012","543","244","299","0","0","0","26","7","19","14","8","6","8","2","6","0","0","0","487","222","265","0","0","0","0","0","0","8","5","3"
"173665","Hamline University","2012","1359","525","834","3","1","2","43","11","32","55","29","26","32","13","19","0","0","0","805","312","493","18","5","13","343","131","212","60","23","37"
"173902","Macalester College","2012","438","180","258","7","4","3","26","7","19","5","1","4","26","11","15","0","0","0","321","134","187","11","2","9","0","0","0","42","21","21"
"173920","Minnesota State University-Mankato","2012","3022","1335","1687","7","2","5","57","28","29","101","53","48","62","23","39","6","4","2","2530","1087","1443","45","16","29","71","42","29","143","80","63"
"173984","Argosy University-Twin Cities","2012","601","130","471","6","0","6","37","12","25","31","11","20","3","0","3","0","0","0","504","100","404","1","0","1","19","7","12","0","0","0"
"174020","Metropolitan State University","2012","2003","823","1180","3","0","3","164","67","97","235","106","129","76","26","50","1","1","0","1317","539","778","91","37","54","41","23","18","75","24","51"
"174066","University of Minnesota-Twin Cities","2012","12743","5818","6925","69","28","41","871","375","496","464","219","245","300","122","178","11","3","8","9026","3995","5031","168","64","104","441","241","200","1393","771","622"
"174075","University of Minnesota-Crookston","2012","321","176","145","0","0","0","4","3","1","14","9","5","6","3","3","0","0","0","259","138","121","1","1","0","13","10","3","24","12","12"
"174233","University of Minnesota-Duluth","2012","2146","1051","1095","12","6","6","39","17","22","21","12","9","28","14","14","3","2","1","1913","944","969","23","9","14","41","18","23","66","29","37"
"174251","University of Minnesota-Morris","2012","342","146","196","25","7","18","13","5","8","7","4","3","5","1","4","0","0","0","265","117","148","6","2","4","6","1","5","15","9","6"
"174279","Minnesota School of Business-Richfield","2012","461","155","306","4","1","3","25","7","18","19","7","12","10","3","7","0","0","0","332","124","208","8","3","5","63","10","53","0","0","0"
"174358","Minnesota State University Moorhead","2012","1565","589","976","14","6","8","10","6","4","24","14","10","27","9","18","1","0","1","1343","488","855","33","10","23","44","18","26","69","38","31"
"174385","National American University-Roseville","2012","68","13","55","0","0","0","9","2","7","9","3","6","0","0","0","0","0","0","49","7","42","1","1","0","0","0","0","0","0","0"
"174394","Brown College-Mendota Heights","2012","249","169","80","3","2","1","9","5","4","18","11","7","8","5","3","1","1","0","145","101","44","5","1","4","60","43","17","0","0","0"
"174437","North Central University","2012","208","76","132","1","0","1","2","1","1","2","0","2","6","2","4","0","0","0","170","61","109","1","0","1","25","11","14","1","1","0"
"174491","Northwestern College","2012","647","252","395","1","0","1","32","11","21","32","17","15","9","5","4","0","0","0","564","218","346","1","1","0","0","0","0","8","0","8"
"174747","College of Saint Benedict","2012","455","0","455","1","0","1","15","0","15","3","0","3","6","0","6","0","0","0","404","0","404","0","0","0","0","0","0","26","0","26"
"174783","Saint Cloud State University","2012","3243","1397","1846","4","1","3","79","37","42","86","51","35","58","21","37","2","1","1","2636","1085","1551","70","27","43","67","32","35","241","142","99"
"174792","Saint Johns University","2012","436","427","9","2","2","0","8","8","0","5","5","0","11","11","0","2","2","0","376","370","6","1","1","0","0","0","0","31","28","3"
"174817","Saint Mary's University of Minnesota","2012","1887","695","1192","2","1","1","40","8","32","92","49","43","32","13","19","0","0","0","1296","437","859","3","1","2","373","170","203","49","16","33"
"174844","St Olaf College","2012","768","339","429","3","3","0","37","15","22","10","3","7","14","4","10","1","1","0","654","288","366","7","3","4","14","8","6","28","14","14"
"174862","Crown College","2012","276","135","141","3","3","0","22","10","12","6","5","1","4","2","2","0","0","0","223","106","117","0","0","0","17","8","9","1","1","0"
"174899","The College of Saint Scholastica","2012","1174","295","879","9","0","9","23","8","15","28","14","14","18","5","13","2","1","1","1022","233","789","21","12","9","21","7","14","30","15","15"
"174914","University of St Thomas","2012","2762","1273","1489","4","0","4","107","42","65","65","33","32","66","32","34","0","0","0","2187","989","1198","41","16","25","126","47","79","166","114","52"
"175005","St Catherine University","2012","1502","82","1420","6","0","6","75","3","72","90","6","84","35","3","32","0","0","0","1176","62","1114","20","1","19","90","7","83","10","0","10"
"175078","Southwest Minnesota State University","2012","603","235","368","0","0","0","9","5","4","11","8","3","7","2","5","0","0","0","504","191","313","9","1","8","19","4","15","44","24","20"
"175272","Winona State University","2012","1824","673","1151","2","2","0","30","14","16","41","17","24","32","13","19","0","0","0","1595","567","1028","23","4","19","40","23","17","61","33","28"
"175342","Alcorn State University","2012","561","140","421","0","0","0","1","1","0","470","115","355","5","4","1","0","0","0","73","14","59","0","0","0","0","0","0","12","6","6"
"175421","Belhaven University","2012","684","194","490","1","1","0","2","1","1","347","73","274","18","5","13","0","0","0","271","99","172","9","3","6","36","12","24","0","0","0"
"175430","Blue Mountain College","2012","126","49","77","0","0","0","0","0","0","12","5","7","1","1","0","0","0","0","112","42","70","1","1","0","0","0","0","0","0","0"
"175616","Delta State University","2012","780","245","535","1","0","1","10","6","4","265","59","206","13","5","8","0","0","0","481","172","309","0","0","0","9","2","7","1","1","0"
"175856","Jackson State University","2012","1559","484","1075","2","0","2","6","3","3","1429","432","997","7","3","4","0","0","0","108","45","63","7","1","6","0","0","0","0","0","0"
"175980","Millsaps College","2012","264","140","124","1","0","1","14","10","4","19","10","9","9","4","5","0","0","0","205","110","95","2","0","2","6","3","3","8","3","5"
"176017","University of Mississippi","2012","3642","1600","2042","11","4","7","45","26","19","465","138","327","56","19","37","3","2","1","2867","1301","1566","37","21","16","42","23","19","116","66","50"
"176035","Mississippi University for Women","2012","714","94","620","3","1","2","4","2","2","215","20","195","2","1","1","0","0","0","486","69","417","1","0","1","0","0","0","3","1","2"
"176044","Mississippi Valley State University","2012","473","144","329","0","0","0","0","0","0","438","131","307","3","2","1","0","0","0","28","11","17","2","0","2","2","0","2","0","0","0"
"176053","Mississippi College","2012","1376","542","834","3","2","1","30","13","17","320","80","240","12","6","6","0","0","0","845","354","491","2","2","0","94","39","55","70","46","24"
"176080","Mississippi State University","2012","4010","2029","1981","7","2","5","58","29","29","567","202","365","58","34","24","5","4","1","3029","1578","1451","34","11","23","72","44","28","180","125","55"
"176318","Rust College","2012","118","37","81","0","0","0","1","1","0","102","28","74","0","0","0","0","0","0","0","0","0","0","0","0","0","0","0","15","8","7"
"176372","University of Southern Mississippi","2012","3456","1226","2230","11","2","9","46","16","30","736","198","538","67","22","45","1","0","1","2468","929","1539","19","6","13","31","11","20","77","42","35"
"176406","Tougaloo College","2012","170","50","120","0","0","0","0","0","0","166","50","116","0","0","0","0","0","0","1","0","1","0","0","0","0","0","0","3","0","3"
"176479","William Carey University","2012","1109","250","859","3","2","1","11","5","6","324","66","258","10","2","8","0","0","0","750","168","582","0","0","0","3","2","1","8","5","3"
"176628","Avila University","2012","445","128","317","6","2","4","4","1","3","39","9","30","19","5","14","1","0","1","344","92","252","2","1","1","0","0","0","30","18","12"
"176947","Central Methodist University-College of Liberal Arts & Sciences","2012","267","117","150","4","1","3","1","0","1","15","12","3","7","3","4","0","0","0","220","91","129","0","0","0","13","7","6","7","3","4"
"176965","University of Central Missouri","2012","2523","1097","1426","12","3","9","28","15","13","132","64","68","39","17","22","7","5","2","2010","843","1167","5","2","3","83","29","54","207","119","88"
"177065","Columbia College","2012","4480","1963","2517","30","11","19","91","56","35","821","314","507","295","153","142","16","9","7","2470","1099","1371","37","15","22","672","282","390","48","24","24"
"177144","Culver-Stockton College","2012","155","70","85","0","0","0","0","0","0","13","7","6","9","5","4","0","0","0","130","57","73","1","0","1","0","0","0","2","1","1"
"177162","DeVry University-Missouri","2012","282","202","80","3","3","0","5","3","2","44","23","21","13","6","7","0","0","0","207","159","48","3","2","1","7","6","1","0","0","0"
"177214","Drury University","2012","1204","407","797","6","3","3","24","7","17","45","19","26","36","12","24","0","0","0","1022","332","690","2","1","1","50","21","29","19","12","7"
"177339","Evangel University","2012","499","207","292","5","2","3","5","1","4","14","10","4","16","7","9","0","0","0","412","164","248","10","8","2","36","15","21","1","0","1"
"177418","Fontbonne University","2012","717","178","539","1","0","1","9","3","6","188","30","158","11","5","6","0","0","0","453","121","332","1","0","1","24","4","20","30","15","15"
"177542","Hannibal-LaGrange University","2012","264","74","190","0","0","0","0","0","0","6","1","5","4","2","2","0","0","0","241","63","178","2","0","2","0","0","0","11","8","3"
"177551","Harris-Stowe State University","2012","160","51","109","0","0","0","0","0","0","128","34","94","0","0","0","0","0","0","30","17","13","2","0","2","0","0","0","0","0","0"
"177579","Hickey College","2012","253","54","199","1","1","0","0","0","0","45","9","36","3","1","2","0","0","0","199","41","158","0","0","0","5","2","3","0","0","0"
"177940","Lincoln University","2012","417","156","261","2","1","1","2","0","2","131","48","83","7","2","5","0","0","0","264","101","163","0","0","0","1","1","0","10","3","7"
"177968","Lindenwood University","2012","2898","1063","1835","13","0","13","19","7","12","483","120","363","90","50","40","4","2","2","1913","679","1234","62","26","36","49","18","31","265","161","104"
"178059","Maryville University of Saint Louis","2012","823","219","604","4","1","3","17","5","12","60","12","48","17","7","10","1","0","1","650","167","483","0","0","0","61","22","39","13","5","8"
"178226","Westwood College-O'Hare Airport","2012","239","97","142","0","0","0","9","5","4","33","17","16","94","30","64","0","0","0","65","31","34","21","12","9","17","2","15","0","0","0"
"178244","Missouri Baptist University","2012","882","276","606","5","2","3","2","0","2","54","27","27","9","6","3","0","0","0","786","223","563","4","2","2","9","6","3","13","10","3"
"178305","Missouri College","2012","621","44","577","5","1","4","4","1","3","342","26","316","7","0","7","1","0","1","174","9","165","20","3","17","68","4","64","0","0","0"
"178341","Missouri Southern State University","2012","955","340","615","27","6","21","13","5","8","31","17","14","18","6","12","0","0","0","796","285","511","0","0","0","59","16","43","11","5","6"
"178369","Missouri Valley College","2012","184","96","88","0","0","0","2","2","0","29","19","10","10","8","2","3","1","2","114","50","64","24","15","9","0","0","0","2","1","1"
"178387","Missouri Western State University","2012","756","292","464","3","1","2","5","3","2","32","15","17","14","6","8","0","0","0","661","247","414","17","10","7","18","9","9","6","1","5"
"178396","University of Missouri-Columbia","2012","7293","3205","4088","31","8","23","156","75","81","358","138","220","167","72","95","2","1","1","5864","2548","3316","50","18","32","241","117","124","424","228","196"
"178402","University of Missouri-Kansas City","2012","3243","1368","1875","9","2","7","209","101","108","269","83","186","132","47","85","1","1","0","2074","853","1221","26","12","14","301","130","171","222","139","83"
"178411","Missouri University of Science and Technology","2012","1760","1376","384","7","6","1","53","40","13","87","64","23","40","33","7","3","3","0","1165","926","239","1","1","0","82","67","15","322","236","86"
"178420","University of Missouri-St Louis","2012","2962","1105","1857","10","6","4","97","35","62","375","87","288","60","21","39","1","1","0","1988","766","1222","14","7","7","268","112","156","149","70","79"
"178615","Truman State University","2012","1365","525","840","12","3","9","32","13","19","55","28","27","26","7","19","0","0","0","1105","405","700","1","1","0","54","27","27","80","41","39"
"178624","Northwest Missouri State University","2012","1418","619","799","4","4","0","8","4","4","43","18","25","20","12","8","1","0","1","1180","487","693","30","12","18","15","7","8","117","75","42"
"178697","College of the Ozarks","2012","303","136","167","1","1","0","0","0","0","0","0","0","6","1","5","0","0","0","283","126","157","9","6","3","0","0","0","4","2","2"
"178721","Park University","2012","2648","1246","1402","15","7","8","49","13","36","476","216","260","403","174","229","2","1","1","1494","746","748","122","45","77","0","0","0","87","44","43"
"178767","Stevens Institute of Business & Arts","2012","68","5","63","0","0","0","0","0","0","39","4","35","1","1","0","0","0","0","28","0","28","0","0","0","0","0","0","0","0","0"
"179043","Rockhurst University","2012","778","257","521","4","1","3","20","7","13","29","8","21","41","8","33","3","0","3","603","206","397","1","0","1","72","26","46","5","1","4"
"179070","Everest College-Springfield","2012","177","28","149","3","1","2","0","0","0","9","1","8","1","0","1","0","0","0","160","25","135","2","1","1","2","0","2","0","0","0"
"179159","Saint Louis University-Main Campus","2012","3144","1195","1949","9","2","7","206","89","117","160","39","121","136","52","84","2","1","1","2281","863","1418","82","41","41","74","24","50","194","84","110"
"179201","Sanford-Brown College-Fenton","2012","525","118","407","6","1","5","2","1","1","23","3","20","9","3","6","1","0","1","321","65","256","6","3","3","157","42","115","0","0","0"
"179326","Southwest Baptist University","2012","770","218","552","10","3","7","4","1","3","14","8","6","10","5","5","1","1","0","670","186","484","0","0","0","61","14","47","0","0","0"
"179548","Stephens College","2012","277","19","258","4","0","4","5","0","5","30","3","27","8","1","7","0","0","0","222","15","207","8","0","8","0","0","0","0","0","0"
"179557","Southeast Missouri State University","2012","1959","750","1209","9","6","3","14","2","12","131","54","77","25","9","16","3","2","1","1632","604","1028","1","0","1","55","25","30","89","48","41"
"179566","Missouri State University-Springfield","2012","4229","1780","2449","27","9","18","46","18","28","93","49","44","81","33","48","7","4","3","3193","1324","1869","45","15","30","235","85","150","502","243","259"
"179867","Washington University in St Louis","2012","3860","1888","1972","2","1","1","376","176","200","214","79","135","131","59","72","1","0","1","2124","1041","1083","75","25","50","308","172","136","629","335","294"
"179894","Webster University","2012","6392","3018","3374","18","11","7","164","89","75","1752","555","1197","389","191","198","0","0","0","2614","1299","1315","5","3","2","1402","846","556","48","24","24"
"179946","Westminster College","2012","203","114","89","2","0","2","2","2","0","8","6","2","5","4","1","0","0","0","156","85","71","1","1","0","3","2","1","26","14","12"
"179955","William Jewell College","2012","292","101","191","2","2","0","13","1","12","11","6","5","8","3","5","0","0","0","235","81","154","8","1","7","7","5","2","8","2","6"
"179964","William Woods University","2012","865","303","562","3","0","3","3","1","2","31","14","17","7","3","4","0","0","0","711","237","474","11","2","9","89","39","50","10","7","3"
"180106","Carroll College","2012","284","111","173","2","1","1","3","2","1","1","1","0","6","1","5","0","0","0","236","90","146","1","0","1","35","16","19","0","0","0"
"180179","Montana State University Billings","2012","948","355","593","22","7","15","14","5","9","6","6","0","28","9","19","0","0","0","847","310","537","14","10","4","11","5","6","6","3","3"
"180258","University of Great Falls","2012","230","65","165","6","3","3","5","2","3","4","3","1","14","6","8","0","0","0","185","45","140","0","0","0","14","6","8","2","0","2"
"180416","Montana Tech of the University of Montana","2012","363","223","140","4","2","2","1","0","1","2","1","1","8","4","4","0","0","0","271","152","119","0","0","0","14","11","3","63","53","10"
"180461","Montana State University","2012","2378","1178","1200","30","14","16","13","6","7","11","11","0","43","21","22","1","1","0","2128","1047","1081","37","22","15","28","19","9","87","37","50"
"180489","The University of Montana","2012","2909","1286","1623","62","31","31","73","31","42","21","13","8","106","47","59","2","1","1","2528","1111","1417","75","30","45","41","21","20","1","1","0"
"180522","Montana State University-Northern","2012","265","128","137","15","7","8","3","0","3","1","0","1","2","1","1","0","0","0","218","106","112","0","0","0","14","8","6","12","6","6"
"180595","Rocky Mountain College","2012","206","91","115","8","4","4","3","1","2","2","2","0","7","5","2","0","0","0","171","70","101","1","0","1","5","4","1","9","5","4"
"180692","The University of Montana-Western","2012","231","98","133","7","3","4","7","4","3","0","0","0","4","2","2","0","0","0","212","88","124","0","0","0","1","1","0","0","0","0"
"180814","Bellevue University","2012","3237","1602","1635","17","7","10","71","38","33","398","175","223","129","68","61","7","4","3","2250","1121","1129","73","34","39","215","112","103","77","43","34"
"180948","Chadron State College","2012","474","175","299","3","2","1","4","1","3","5","3","2","16","8","8","0","0","0","396","142","254","6","3","3","34","11","23","10","5","5"
"180984","Concordia University-Seward","2012","607","187","420","1","0","1","2","0","2","10","1","9","7","2","5","0","0","0","309","101","208","3","1","2","274","81","193","1","1","0"
"181002","Creighton University","2012","2052","854","1198","7","3","4","147","62","85","54","20","34","64","24","40","8","4","4","1608","663","945","29","12","17","101","48","53","34","18","16"
"181020","Doane College-Crete","2012","192","100","92","0","0","0","0","0","0","8","4","4","14","10","4","1","0","1","160","78","82","1","1","0","7","6","1","1","1","0"
"181093","Grace University","2012","113","46","67","1","0","1","1","0","1","3","2","1","1","1","0","0","0","0","103","42","61","2","1","1","1","0","1","1","0","1"
"181127","Hastings College","2012","252","121","131","1","0","1","3","1","2","6","4","2","8","7","1","1","1","0","225","105","120","4","2","2","2","0","2","2","1","1"
"181215","University of Nebraska at Kearney","2012","1178","490","688","0","0","0","9","2","7","7","2","5","32","10","22","0","0","0","1019","413","606","6","2","4","43","24","19","62","37","25"
"181330","Midland University","2012","216","97","119","1","1","0","4","1","3","12","8","4","10","8","2","1","0","1","150","58","92","5","5","0","31","14","17","2","2","0"
"181394","University of Nebraska at Omaha","2012","2811","1266","1545","18","5","13","68","27","41","117","54","63","96","38","58","1","0","1","2260","997","1263","6","5","1","107","62","45","138","78","60"
"181446","Nebraska Wesleyan University","2012","498","177","321","0","0","0","9","1","8","9","3","6","8","5","3","2","0","2","425","157","268","0","0","0","45","11","34","0","0","0"
"181464","University of Nebraska-Lincoln","2012","5029","2620","2409","14","7","7","99","44","55","110","56","54","160","76","84","2","0","2","4010","2071","1939","40","17","23","172","104","68","422","245","177"
"181534","Peru State College","2012","413","152","261","5","0","5","3","2","1","10","3","7","10","5","5","0","0","0","359","132","227","4","1","3","20","8","12","2","1","1"
"181604","College of Saint Mary","2012","307","11","296","3","0","3","5","0","5","17","3","14","26","1","25","2","0","2","251","7","244","1","0","1","2","0","2","0","0","0"
"181738","Union College","2012","157","54","103","3","1","2","1","0","1","4","1","3","18","7","11","0","0","0","113","39","74","3","1","2","4","1","3","11","4","7"
"181783","Wayne State College","2012","664","288","376","4","1","3","4","1","3","11","6","5","11","3","8","0","0","0","568","252","316","0","0","0","62","23","39","4","2","2"
"181853","York College","2012","86","44","42","0","0","0","1","0","1","2","2","0","0","0","0","0","0","0","81","42","39","0","0","0","1","0","1","1","0","1"
"182281","University of Nevada-Las Vegas","2012","5198","2254","2944","30","16","14","618","287","331","350","124","226","659","253","406","72","32","40","2750","1225","1525","204","79","125","159","77","82","356","161","195"
"182290","University of Nevada-Reno","2012","3240","1425","1815","22","7","15","177","71","106","62","34","28","272","116","156","5","1","4","2356","1026","1330","157","71","86","33","13","20","156","86","70"
"182306","Great Basin College","2012","380","150","230","15","7","8","2","1","1","5","1","4","52","24","28","2","1","1","286","109","177","7","1","6","10","5","5","1","1","0"
"182430","Morrison University","2012","106","51","55","2","0","2","4","1","3","5","2","3","9","5","4","0","0","0","80","42","38","6","1","5","0","0","0","0","0","0"
"182458","Sierra Nevada College","2012","236","74","162","3","2","1","5","1","4","57","8","49","13","3","10","3","1","2","145","57","88","0","0","0","3","0","3","7","2","5"
"182634","Colby-Sawyer College","2012","186","72","114","0","0","0","0","0","0","2","0","2","2","0","2","0","0","0","160","63","97","4","1","3","5","3","2","13","5","8"
"182661","Daniel Webster College","2012","176","130","46","0","0","0","1","1","0","4","2","2","4","2","2","0","0","0","95","71","24","0","0","0","72","54","18","0","0","0"
"182670","Dartmouth College","2012","1777","962","815","33","10","23","219","98","121","115","49","66","105","49","56","3","1","2","909","504","405","19","10","9","107","65","42","267","176","91"
"182795","Franklin Pierce University","2012","625","249","376","2","1","1","7","3","4","16","8","8","15","3","12","1","0","1","486","196","290","1","0","1","84","30","54","13","8","5"
"182865","Hesser College","2012","1010","295","715","2","1","1","11","4","7","28","10","18","122","34","88","0","0","0","664","203","461","5","0","5","174","43","131","4","0","4"
"182980","New England College","2012","599","233","366","1","0","1","7","4","3","17","9","8","10","5","5","0","0","0","526","190","336","0","0","0","0","0","0","38","25","13"
"183026","Southern New Hampshire University","2012","2496","1079","1417","11","2","9","16","4","12","16","9","7","17","10","7","0","0","0","587","246","341","0","0","0","1534","620","914","315","188","127"
"183044","University of New Hampshire-Main Campus","2012","3654","1553","2101","8","2","6","77","38","39","40","15","25","71","28","43","2","2","0","3156","1323","1833","44","24","20","178","81","97","78","40","38"
"183062","Keene State College","2012","1179","468","711","4","2","2","5","3","2","6","2","4","16","9","7","0","0","0","1103","435","668","10","4","6","32","12","20","3","1","2"
"183071","University of New Hampshire at Manchester","2012","199","85","114","0","0","0","5","2","3","2","2","0","5","2","3","0","0","0","163","63","100","3","2","1","20","14","6","1","0","1"
"183080","Plymouth State University","2012","1409","602","807","5","2","3","19","9","10","16","8","8","18","10","8","0","0","0","1155","492","663","0","0","0","167","72","95","29","9","20"
"183211","Rivier University","2012","624","106","518","5","1","4","18","3","15","10","2","8","23","3","20","0","0","0","506","84","422","0","0","0","62","13","49","0","0","0"
"183239","Saint Anselm College","2012","396","172","224","1","1","0","2","0","2","7","5","2","7","4","3","0","0","0","357","150","207","0","0","0","20","11","9","2","1","1"
"183257","Granite State College","2012","463","110","353","3","0","3","0","0","0","5","2","3","7","3","4","1","0","1","422","98","324","7","2","5","18","5","13","0","0","0"
"183275","Thomas More College of Liberal Arts","2012","10","2","8","0","0","0","1","0","1","0","0","0","0","0","0","0","0","0","9","2","7","0","0","0","0","0","0","0","0","0"
"183822","Bloomfield College","2012","277","104","173","0","0","0","13","4","9","125","35","90","49","20","29","0","0","0","52","33","19","0","0","0","27","9","18","11","3","8"
"183910","Caldwell College","2012","487","154","333","0","0","0","8","3","5","71","18","53","59","11","48","0","0","0","263","80","183","3","1","2","44","10","34","39","31","8"
"183974","Centenary College","2012","842","304","538","1","0","1","20","9","11","82","24","58","42","15","27","0","0","0","500","179","321","0","0","0","163","70","93","34","7","27"
"184269","DeVry University-New Jersey","2012","336","240","96","1","1","0","32","22","10","59","38","21","83","62","21","2","1","1","152","111","41","2","1","1","3","3","0","2","1","1"
"184348","Drew University","2012","534","213","321","1","0","1","23","11","12","57","19","38","34","9","25","0","0","0","304","115","189","3","0","3","84","40","44","28","19","9"
"184603","Fairleigh Dickinson University-Metropolitan Campus","2012","1952","879","1073","5","1","4","108","41","67","214","71","143","316","117","199","0","0","0","799","403","396","1","1","0","243","118","125","266","127","139"
"184612","Felician College","2012","543","115","428","0","0","0","41","10","31","46","9","37","85","14","71","1","0","1","181","36","145","0","0","0","181","41","140","8","5","3"
"184694","Fairleigh Dickinson University-College at Florham","2012","739","323","416","3","1","2","44","23","21","42","20","22","44","18","26","0","0","0","485","208","277","0","0","0","83","36","47","38","17","21"
"184773","Georgian Court University","2012","625","58","567","1","0","1","8","1","7","47","2","45","48","7","41","0","0","0","433","31","402","7","0","7","80","17","63","1","0","1"
"184782","Rowan University","2012","2487","1077","1410","3","3","0","66","40","26","143","45","98","142","50","92","3","1","2","2028","890","1138","56","27","29","17","11","6","29","10","19"
"185129","New Jersey City University","2012","1645","542","1103","3","0","3","128","51","77","283","87","196","462","121","341","0","0","0","555","207","348","2","2","0","183","63","120","29","11","18"
"185262","Kean University","2012","3315","1118","2197","4","2","2","222","99","123","525","165","360","614","201","413","4","2","2","1736","588","1148","27","4","23","105","32","73","78","25","53"
"185572","Monmouth University","2012","1740","638","1102","2","1","1","48","19","29","76","26","50","95","41","54","1","1","0","1333","471","862","19","4","15","115","53","62","51","22","29"
"185590","Montclair State University","2012","4307","1454","2853","7","2","5","237","100","137","378","101","277","779","232","547","6","0","6","2411","832","1579","34","19","15","359","130","229","96","38","58"
"185828","New Jersey Institute of Technology","2012","2107","1542","565","7","5","2","363","259","104","165","113","52","270","204","66","5","3","2","569","462","107","0","0","0","154","119","35","574","377","197"
"186131","Princeton University","2012","2072","1140","932","5","3","2","257","120","137","114","45","69","161","94","67","0","0","0","943","530","413","42","16","26","116","65","51","434","267","167"
"186201","Ramapo College of New Jersey","2012","1456","590","866","4","0","4","54","23","31","66","29","37","123","53","70","5","2","3","1126","451","675","29","12","17","34","13","21","15","7","8"
"186283","Rider University","2012","1322","508","814","4","2","2","67","29","38","102","38","64","68","23","45","0","0","0","865","347","518","1","0","1","117","42","75","98","27","71"
"186371","Rutgers University-Camden","2012","1519","715","804","6","5","1","91","52","39","200","64","136","103","32","71","6","2","4","1005","511","494","36","15","21","51","19","32","21","15","6"
"186380","Rutgers University-New Brunswick","2012","9416","4358","5058","8","3","5","1809","858","951","699","230","469","833","331","502","26","8","18","4970","2409","2561","201","78","123","196","96","100","674","345","329"
"186399","Rutgers University-Newark","2012","2941","1422","1519","3","2","1","513","259","254","432","160","272","421","172","249","47","23","24","1069","589","480","30","9","21","193","95","98","233","113","120"
"186432","Saint Peter's University","2012","736","282","454","1","0","1","76","25","51","168","55","113","154","55","99","0","0","0","244","102","142","4","3","1","6","3","3","83","39","44"
"186584","Seton Hall University","2012","2690","1138","1552","4","1","3","157","60","97","298","88","210","198","75","123","1","1","0","1498","680","818","8","3","5","440","188","252","86","42","44"
"186618","College of Saint Elizabeth","2012","617","83","534","0","0","0","29","5","24","67","7","60","55","4","51","0","0","0","370","46","324","0","0","0","75","19","56","21","2","19"
"186867","Stevens Institute of Technology","2012","1813","1334","479","0","0","0","176","133","43","55","44","11","81","59","22","0","0","0","560","416","144","0","0","0","440","329","111","501","353","148"
"186876","The Richard Stockton College of New Jersey","2012","2015","784","1231","4","1","3","99","53","46","127","34","93","145","47","98","1","0","1","1554","616","938","51","20","31","25","10","15","9","3","6"
"187046","Thomas Edison State College","2012","3188","1755","1433","11","9","2","104","54","50","390","189","201","249","139","110","14","7","7","2137","1204","933","17","14","3","227","130","97","39","9","30"
"187134","The College of New Jersey","2012","2034","762","1272","3","2","1","107","34","73","91","31","60","142","46","96","9","4","5","1337","499","838","60","22","38","280","122","158","5","2","3"
"187444","William Paterson University of New Jersey","2012","2298","904","1394","2","0","2","123","58","65","232","88","144","391","136","255","2","1","1","1318","521","797","6","3","3","195","81","114","29","16","13"
"187648","Eastern New Mexico University-Main Campus","2012","772","283","489","15","6","9","10","3","7","25","11","14","190","58","132","1","0","1","454","175","279","11","3","8","4","2","2","62","25","37"
"187897","New Mexico Highlands University","2012","756","227","529","47","13","34","3","1","2","25","15","10","370","97","273","3","2","1","243","66","177","6","4","2","17","4","13","42","25","17"
"187967","New Mexico Institute of Mining and Technology","2012","304","221","83","5","5","0","9","8","1","5","3","2","53","32","21","0","0","0","178","131","47","7","5","2","1","1","0","46","36","10"
"187985","University of New Mexico-Main Campus","2012","5119","2103","3016","214","67","147","171","77","94","131","63","68","1727","659","1068","6","2","4","2425","1016","1409","70","31","39","200","85","115","175","103","72"
"188030","New Mexico State University-Main Campus","2012","3337","1411","1926","72","23","49","53","25","28","76","36","40","1326","499","827","6","3","3","1268","548","720","32","9","23","243","111","132","261","157","104"
"188058","Northern New Mexico College","2012","194","49","145","16","4","12","1","1","0","2","0","2","135","34","101","1","0","1","31","8","23","4","1","3","3","1","2","1","0","1"
"188182","University of the Southwest","2012","88","27","61","0","0","0","0","0","0","7","2","5","30","7","23","0","0","0","41","15","26","0","0","0","10","3","7","0","0","0"
"188304","Western New Mexico University","2012","466","176","290","16","5","11","4","1","3","14","10","4","205","70","135","0","0","0","180","70","110","5","1","4","31","12","19","11","7","4"
"188340","Vaughn College of Aeronautics and Technology","2012","295","250","45","1","1","0","11","11","0","45","34","11","75","64","11","30","26","4","73","63","10","5","3","2","31","29","2","24","19","5"
"188429","Adelphi University","2012","2493","576","1917","8","2","6","102","26","76","311","50","261","206","46","160","4","0","4","1429","329","1100","34","12","22","276","60","216","123","51","72"
"188641","Alfred University","2012","649","278","371","1","0","1","8","0","8","66","18","48","34","10","24","0","0","0","410","193","217","0","0","0","114","49","65","16","8","8"
"189088","Bard College","2012","918","338","580","8","4","4","49","16","33","36","9","27","40","15","25","0","0","0","422","144","278","0","0","0","291","133","158","72","17","55"
"189097","Barnard College","2012","592","0","592","0","0","0","89","0","89","23","0","23","51","0","51","2","0","2","402","0","402","0","0","0","0","0","0","25","0","25"
"189413","Boricua College","2012","370","61","309","0","0","0","4","0","4","37","7","30","314","52","262","10","1","9","5","1","4","0","0","0","0","0","0","0","0","0"
"189459","Briarcliffe College","2012","583","291","292","1","0","1","10","7","3","94","34","60","108","55","53","1","1","0","192","104","88","17","8","9","160","82","78","0","0","0"
"189556","Bryant & Stratton College-Amherst","2012","148","35","113","2","0","2","2","0","2","32","7","25","5","0","5","0","0","0","106","28","78","0","0","0","1","0","1","0","0","0"
"189705","Canisius College","2012","1508","645","863","1","1","0","16","8","8","63","23","40","23","10","13","0","0","0","1161","489","672","9","4","5","109","56","53","126","54","72"
"189848","Cazenovia College","2012","260","67","193","15","4","11","1","0","1","16","5","11","7","2","5","1","1","0","204","49","155","1","1","0","15","5","10","0","0","0"
"190044","Clarkson University","2012","787","537","250","3","1","2","23","12","11","15","10","5","26","18","8","0","0","0","614","421","193","11","9","2","12","8","4","83","58","25"
"190099","Colgate University","2012","726","345","381","6","4","2","24","12","12","31","21","10","50","22","28","1","1","0","549","257","292","26","9","17","10","4","6","29","15","14"
"190114","Metropolitan College of New York","2012","493","147","346","1","0","1","11","5","6","312","93","219","86","18","68","0","0","0","24","12","12","10","0","10","14","5","9","35","14","21"
"190150","Columbia University in the City of New York","2012","10881","5235","5646","21","13","8","1201","496","705","487","178","309","637","280","357","7","2","5","4035","1883","2152","244","92","152","1097","490","607","3152","1801","1351"
"190248","Concordia College-New York","2012","155","53","102","0","0","0","3","1","2","30","4","26","23","10","13","1","1","0","82","29","53","4","1","3","0","0","0","12","7","5"
"190372","Cooper Union for the Advancement of Science and Art","2012","199","119","80","2","0","2","36","26","10","7","3","4","18","10","8","1","1","0","82","55","27","1","0","1","22","12","10","30","12","18"
"190415","Cornell University","2012","6521","3567","2954","25","17","8","907","482","425","252","105","147","397","199","198","1","0","1","2700","1462","1238","122","55","67","702","420","282","1415","827","588"
"190512","CUNY Bernard M Baruch College","2012","4181","1973","2208","8","4","4","1159","554","605","430","165","265","469","200","269","4","1","3","1444","747","697","48","20","28","0","0","0","619","282","337"
"190549","CUNY Brooklyn College","2012","3708","1327","2381","3","1","2","447","203","244","928","259","669","364","115","249","2","1","1","1698","641","1057","23","10","13","0","0","0","243","97","146"
"190558","CUNY College of Staten Island","2012","2190","763","1427","3","1","2","209","79","130","147","43","104","235","69","166","0","0","0","1508","541","967","18","5","13","0","0","0","70","25","45"
"190567","CUNY City College","2012","2884","1262","1622","6","1","5","338","189","149","660","237","423","739","261","478","2","1","1","813","401","412","22","8","14","0","0","0","304","164","140"
"190576","CUNY Graduate School and University Center","2012","1799","698","1101","3","0","3","103","38","65","193","46","147","176","63","113","0","0","0","973","392","581","41","14","27","0","0","0","310","145","165"
"190594","CUNY Hunter College","2012","4903","1287","3616","17","7","10","716","230","486","580","133","447","718","156","562","5","3","2","2511","654","1857","69","16","53","0","0","0","287","88","199"
"190600","CUNY John Jay College of Criminal Justice","2012","2944","1173","1771","6","1","5","215","134","81","656","190","466","946","343","603","2","1","1","1017","472","545","23","9","14","0","0","0","79","23","56"
"190637","CUNY Lehman College","2012","2351","641","1710","2","0","2","119","34","85","549","149","400","1077","269","808","1","0","1","497","161","336","13","4","9","0","0","0","93","24","69"
"190646","CUNY Medgar Evers College","2012","962","215","747","6","1","5","13","8","5","854","184","670","26","8","18","0","0","0","7","0","7","5","3","2","0","0","0","51","11","40"
"190655","CUNY New York City College of Technology","2012","1902","873","1029","2","1","1","325","172","153","733","307","426","417","186","231","3","1","2","372","180","192","16","9","7","0","0","0","34","17","17"
"190664","CUNY Queens College","2012","4617","1603","3014","0","0","0","809","322","487","296","86","210","559","162","397","0","0","0","2668","917","1751","2","0","2","0","0","0","283","116","167"
"190691","CUNY York College","2012","1000","281","719","4","1","3","131","48","83","560","142","418","170","43","127","1","0","1","73","24","49","1","1","0","0","0","0","60","22","38"
"190716","D'Youville College","2012","724","201","523","4","1","3","13","5","8","41","8","33","19","9","10","0","0","0","377","96","281","2","1","1","38","5","33","230","76","154"
"190725","Daemen College","2012","817","167","650","0","0","0","7","1","6","34","7","27","19","2","17","0","0","0","704","142","562","1","1","0","14","3","11","38","11","27"
"190761","Dominican College of Blauvelt","2012","437","127","310","0","0","0","99","36","63","28","4","24","44","11","33","0","0","0","188","50","138","6","0","6","72","26","46","0","0","0"
"190770","Dowling College","2012","1171","461","710","1","1","0","7","6","1","101","34","67","76","31","45","13","7","6","659","230","429","5","2","3","271","126","145","38","24","14"
"190983","Elmira College","2012","376","97","279","0","0","0","3","0","3","6","1","5","8","3","5","0","0","0","260","58","202","3","1","2","72","21","51","24","13","11"
"191126","Fashion Institute of Technology","2012","3306","442","2864","4","0","4","277","41","236","212","34","178","402","80","322","17","2","15","1774","186","1588","92","21","71","55","18","37","473","60","413"
"191205","Five Towns College","2012","203","134","69","0","0","0","8","6","2","32","19","13","25","19","6","0","0","0","122","79","43","0","0","0","15","10","5","1","1","0"
"191241","Fordham University","2012","4615","1941","2674","14","3","11","297","125","172","306","95","211","510","178","332","1","0","1","2494","1067","1427","105","45","60","465","221","244","423","207","216"
"191515","Hamilton College","2012","462","198","264","2","0","2","25","9","16","17","8","9","22","8","14","0","0","0","326","148","178","6","1","5","45","15","30","19","9","10"
"191533","Hartwick College","2012","301","106","195","2","0","2","8","0","8","14","1","13","11","6","5","0","0","0","194","75","119","0","0","0","61","18","43","11","6","5"
"191621","Hilbert College","2012","208","74","134","2","1","1","2","1","1","10","1","9","8","0","8","0","0","0","174","66","108","3","2","1","8","3","5","1","0","1"
"191630","Hobart William Smith Colleges","2012","470","218","252","2","0","2","22","10","12","15","6","9","27","12","15","0","0","0","235","120","115","0","0","0","154","62","92","15","8","7"
"191649","Hofstra University","2012","3221","1359","1862","6","2","4","174","78","96","238","77","161","225","86","139","2","1","1","2102","903","1199","31","10","21","215","91","124","228","111","117"
"191676","Houghton College","2012","347","115","232","2","0","2","4","0","4","6","5","1","7","3","4","0","0","0","311","100","211","3","0","3","3","1","2","11","6","5"
"191931","Iona College","2012","1253","517","736","2","0","2","23","10","13","56","29","27","112","37","75","1","1","0","755","314","441","2","1","1","286","121","165","16","4","12"
"191968","Ithaca College","2012","1551","606","945","6","2","4","48","20","28","38","11","27","42","18","24","0","0","0","1138","442","696","39","12","27","201","90","111","39","11","28"
"192192","Keuka College","2012","573","138","435","5","2","3","49","17","32","28","6","22","13","3","10","0","0","0","410","84","326","0","0","0","68","26","42","0","0","0"
"192323","Le Moyne College","2012","837","293","544","2","0","2","10","7","3","23","10","13","29","7","22","2","1","1","707","242","465","0","0","0","52","21","31","12","5","7"
"192439","Long Island University-Brooklyn Campus","2012","1927","530","1397","5","0","5","258","84","174","564","113","451","159","41","118","0","0","0","489","145","344","0","0","0","295","70","225","157","77","80"
"192448","Long Island University-C W Post Campus","2012","1953","638","1315","3","2","1","66","22","44","133","46","87","112","33","79","0","0","0","1059","326","733","0","0","0","402","125","277","178","84","94"
"192703","Manhattan College","2012","958","490","468","0","0","0","32","17","15","35","14","21","113","47","66","0","0","0","574","295","279","4","3","1","179","101","78","21","13","8"
"192749","Manhattanville College","2012","760","248","512","2","0","2","19","6","13","53","21","32","73","18","55","0","0","0","404","120","284","0","0","0","149","58","91","60","25","35"
"192819","Marist College","2012","1576","610","966","2","1","1","38","20","18","58","23","35","119","43","76","1","1","0","1178","457","721","17","4","13","137","46","91","26","15","11"
"192864","Marymount Manhattan College","2012","392","91","301","2","2","0","15","5","10","34","5","29","54","12","42","0","0","0","278","64","214","0","0","0","2","1","1","7","2","5"
"192925","Medaille College","2012","975","310","665","7","0","7","29","8","21","81","19","62","9","5","4","116","41","75","384","136","248","1","0","1","84","27","57","264","74","190"
"193016","Mercy College","2012","2467","564","1903","9","2","7","93","29","64","506","127","379","465","108","357","0","0","0","997","218","779","3","2","1","365","64","301","29","14","15"
"193292","Molloy College","2012","950","191","759","1","0","1","48","11","37","136","18","118","91","16","75","3","0","3","660","142","518","7","2","5","3","1","2","1","1","0"
"193308","Monroe College-Main Campus","2012","2558","755","1803","0","0","0","24","11","13","1122","317","805","1042","302","740","4","1","3","47","15","32","3","1","2","139","41","98","177","67","110"
"193353","Mount Saint Mary College","2012","606","157","449","0","0","0","12","5","7","45","9","36","74","27","47","3","0","3","449","112","337","9","2","7","13","2","11","1","0","1"
"193399","College of Mount Saint Vincent","2012","351","73","278","1","0","1","13","1","12","43","6","37","98","15","83","24","4","20","131","34","97","24","7","17","15","6","9","2","0","2"
"193584","Nazareth College","2012","973","179","794","5","2","3","19","3","16","31","5","26","28","7","21","0","0","0","782","143","639","0","0","0","89","15","74","19","4","15"
"193645","The College of New Rochelle","2012","1049","92","957","2","0","2","33","6","27","393","29","364","108","12","96","1","0","1","91","5","86","0","0","0","421","40","381","0","0","0"
"193654","The New School","2012","3005","856","2149","14","5","9","279","53","226","135","35","100","223","73","150","5","0","5","1279","410","869","60","20","40","232","79","153","778","181","597"
"193900","New York University","2012","13816","5445","8371","23","12","11","1949","759","1190","607","165","442","872","299","573","8","4","4","5780","2146","3634","96","22","74","2260","1024","1236","2221","1014","1207"
"193973","Niagara University","2012","1337","446","891","5","0","5","13","8","5","31","9","22","23","7","16","1","1","0","805","288","517","5","2","3","37","15","22","417","116","301"
"194091","New York Institute of Technology","2012","2144","1184","960","2","2","0","262","131","131","136","72","64","127","71","56","0","0","0","601","324","277","1","1","0","493","274","219","522","309","213"
"194161","Nyack College","2012","690","263","427","1","0","1","54","35","19","248","64","184","142","58","84","0","0","0","182","80","102","20","8","12","9","0","9","34","18","16"
"194310","Pace University-New York","2012","3173","1232","1941","9","3","6","281","118","163","277","87","190","329","122","207","9","2","7","1549","580","969","105","36","69","258","111","147","356","173","183"
"194392","Paul Smiths College of Arts and Science","2012","208","143","65","0","0","0","1","0","1","2","1","1","0","0","0","0","0","0","200","139","61","0","0","0","4","3","1","1","0","1"
"194499","Plaza College","2012","239","44","195","0","0","0","20","2","18","75","10","65","71","15","56","0","0","0","27","5","22","45","11","34","0","0","0","1","1","0"
"194541","Polytechnic Institute of New York University","2012","1295","947","348","0","0","0","180","138","42","75","49","26","50","37","13","0","0","0","206","164","42","0","0","0","100","77","23","684","482","202"
"194824","Rensselaer Polytechnic Institute","2012","1739","1226","513","1","1","0","165","110","55","50","28","22","90","61","29","3","1","2","1154","840","314","46","31","15","18","12","6","212","142","70"
"194958","Roberts Wesleyan College","2012","584","158","426","1","0","1","9","4","5","66","16","50","22","10","12","0","0","0","452","117","335","4","0","4","20","6","14","10","5","5"
"195003","Rochester Institute of Technology","2012","3628","2297","1331","18","11","7","152","101","51","166","81","85","128","75","53","0","0","0","2368","1520","848","0","0","0","307","195","112","489","314","175"
"195030","University of Rochester","2012","2944","1446","1498","6","3","3","241","111","130","97","40","57","120","64","56","3","1","2","1617","756","861","64","29","35","257","152","105","539","290","249"
"195164","St. Bonaventure University","2012","725","297","428","2","0","2","10","6","4","30","13","17","15","6","9","10","8","2","577","224","353","0","0","0","67","28","39","14","12","2"
"195173","St. Francis College","2012","469","195","274","2","1","1","5","3","2","65","21","44","54","20","34","0","0","0","179","88","91","0","0","0","116","40","76","48","22","26"
"195216","St Lawrence University","2012","600","268","332","4","1","3","9","4","5","15","12","3","21","8","13","2","1","1","499","221","278","12","3","9","7","2","5","31","16","15"
"195234","The College of Saint Rose","2012","1670","449","1221","1","0","1","28","8","20","104","18","86","71","22","49","0","0","0","1161","319","842","15","4","11","240","63","177","50","15","35"
"195243","St. Thomas Aquinas College","2012","392","151","241","0","0","0","14","7","7","13","9","4","56","22","34","0","0","0","284","102","182","0","0","0","22","8","14","3","3","0"
"195304","Sarah Lawrence College","2012","450","104","346","2","0","2","26","5","21","16","3","13","27","9","18","0","0","0","312","73","239","21","4","17","13","2","11","33","8","25"
"195474","Siena College","2012","882","404","478","1","1","0","22","9","13","17","8","9","31","15","16","3","2","1","770","351","419","13","7","6","16","6","10","9","5","4"
"195526","Skidmore College","2012","636","245","391","0","0","0","40","14","26","16","7","9","31","10","21","0","0","0","466","181","285","29","12","17","36","16","20","18","5","13"
"195544","Saint Joseph's College-New York","2012","1465","407","1058","4","0","4","36","15","21","195","44","151","123","39","84","0","0","0","966","256","710","16","6","10","125","47","78","0","0","0"
"195720","Saint John Fisher College","2012","1112","412","700","3","1","2","34","17","17","66","19","47","44","11","33","0","0","0","938","354","584","3","1","2","18","6","12","6","3","3"
"195809","St. John's University-New York","2012","4361","1820","2541","7","2","5","635","268","367","544","192","352","589","242","347","21","7","14","1926","840","1086","105","42","63","91","40","51","443","187","256"
"196006","SUNY College of Technology at Alfred","2012","1015","686","329","1","1","0","14","6","8","68","46","22","38","28","10","0","0","0","852","580","272","11","9","2","0","0","0","31","16","15"
"196015","SUNY College of Technology at Canton","2012","921","406","515","9","1","8","7","2","5","91","31","60","45","14","31","1","0","1","636","272","364","5","2","3","37","22","15","90","62","28"
"196024","SUNY College of Technology at Delhi","2012","881","413","468","1","0","1","9","5","4","75","42","33","63","32","31","0","0","0","545","251","294","9","3","6","160","75","85","19","5","14"
"196033","SUNY College of Agriculture and Technology at Cobleskill","2012","586","284","302","0","0","0","9","8","1","32","11","21","56","22","34","0","0","0","466","231","235","9","4","5","9","6","3","5","2","3"
"196042","Farmingdale State College","2012","1490","766","724","3","2","1","96","59","37","173","74","99","187","104","83","9","3","6","922","475","447","13","9","4","64","25","39","23","15","8"
"196051","Morrisville State College","2012","684","316","368","3","1","2","7","2","5","78","34","44","32","21","11","0","0","0","470","213","257","10","4","6","69","31","38","15","10","5"
"196060","SUNY at Albany","2012","4515","2024","2491","7","3","4","245","94","151","356","131","225","339","143","196","2","0","2","2789","1268","1521","49","18","31","418","217","201","310","150","160"
"196079","SUNY at Binghamton","2012","4056","2052","2004","5","2","3","440","255","185","166","57","109","231","111","120","3","2","1","1994","984","1010","18","8","10","676","337","339","523","296","227"
"196088","University at Buffalo","2012","7487","3708","3779","18","5","13","526","282","244","346","140","206","288","147","141","1","0","1","3941","2001","1940","0","0","0","579","275","304","1788","858","930"
"196097","Stony Brook University","2012","6379","2871","3508","19","5","14","1044","520","524","423","155","268","480","182","298","5","1","4","2650","1161","1489","24","11","13","874","356","518","860","480","380"
"196103","SUNY College of Environmental Science and Forestry","2012","529","311","218","6","4","2","9","3","6","4","2","2","17","3","14","0","0","0","452","281","171","2","2","0","3","1","2","36","15","21"
"196112","SUNY Institute of Technology at Utica-Rome","2012","613","316","297","0","0","0","23","10","13","36","18","18","14","7","7","1","0","1","513","264","249","9","5","4","2","1","1","15","11","4"
"196121","SUNY College at Brockport","2012","2098","828","1270","6","4","2","36","16","20","124","33","91","67","21","46","0","0","0","1660","663","997","16","6","10","179","79","100","10","6","4"
"196130","Buffalo State SUNY","2012","2704","965","1739","16","5","11","37","15","22","292","86","206","152","48","104","1","0","1","1880","699","1181","36","13","23","256","81","175","34","18","16"
"196149","SUNY College at Cortland","2012","1887","776","1111","11","6","5","28","11","17","43","20","23","86","46","40","0","0","0","1677","671","1006","6","3","3","15","10","5","21","9","12"
"196158","SUNY at Fredonia","2012","1318","523","795","8","3","5","16","9","7","30","13","17","31","13","18","1","0","1","1160","457","703","2","1","1","40","14","26","30","13","17"
"196167","SUNY College at Geneseo","2012","1302","519","783","1","0","1","62","32","30","23","11","12","44","15","29","4","3","1","1021","397","624","27","12","15","93","35","58","27","14","13"
"196176","State University of New York at New Paltz","2012","2236","746","1490","3","2","1","79","30","49","104","39","65","185","51","134","4","1","3","1490","481","1009","40","11","29","160","49","111","171","82","89"
"196185","SUNY College at Oneonta","2012","1405","544","861","2","0","2","20","6","14","25","9","16","79","30","49","0","0","0","1172","453","719","8","5","3","73","31","42","26","10","16"
"196194","SUNY College at Oswego","2012","2026","896","1130","7","3","4","40","23","17","55","25","30","65","30","35","1","0","1","1781","778","1003","29","13","16","20","13","7","28","11","17"
"196200","SUNY College at Potsdam","2012","993","378","615","5","0","5","13","8","5","24","12","12","36","18","18","0","0","0","736","284","452","1","0","1","89","35","54","89","21","68"
"196219","SUNY at Purchase College","2012","1182","484","698","0","0","0","32","16","16","66","18","48","59","29","30","0","0","0","542","223","319","21","5","16","427","181","246","35","12","23"
"196237","SUNY College at Old Westbury","2012","868","348","520","3","2","1","70","31","39","221","69","152","142","58","84","1","1","0","358","145","213","13","6","7","43","23","20","17","13","4"
"196246","SUNY College at Plattsburgh","2012","1520","591","929","3","0","3","25","8","17","41","18","23","61","20","41","0","0","0","1180","467","713","19","4","15","92","35","57","99","39","60"
"196264","SUNY Empire State College","2012","2592","1001","1591","5","2","3","28","17","11","104","29","75","158","70","88","1","0","1","711","251","460","15","3","12","1331","515","816","239","114","125"
"196291","SUNY Maritime College","2012","367","311","56","0","0","0","17","12","5","16","16","0","24","15","9","0","0","0","232","200","32","2","1","1","30","26","4","46","41","5"
"196413","Syracuse University","2012","5395","2435","2960","39","14","25","407","166","241","319","130","189","331","127","204","6","0","6","2918","1306","1612","47","20","27","437","187","250","891","485","406"
"196592","Touro College","2012","4549","1260","3289","8","1","7","272","96","176","656","149","507","454","97","357","0","0","0","2705","780","1925","1","0","1","435","123","312","18","14","4"
"196866","Union College","2012","539","260","279","1","0","1","30","11","19","20","9","11","29","15","14","0","0","0","428","211","217","0","0","0","6","3","3","25","11","14"
"197027","United States Merchant Marine Academy","2012","227","199","28","3","3","0","10","10","0","5","5","0","9","9","0","0","0","0","192","165","27","0","0","0","0","0","0","8","7","1"
"197045","Utica College","2012","1005","380","625","4","1","3","119","54","65","97","33","64","37","8","29","2","1","1","710","271","439","19","4","15","17","8","9","0","0","0"
"197133","Vassar College","2012","597","258","339","1","0","1","51","23","28","22","9","13","35","19","16","0","0","0","431","186","245","24","8","16","0","0","0","33","13","20"
"197197","Wagner College","2012","610","199","411","0","0","0","22","6","16","37","20","17","37","10","27","0","0","0","493","154","339","7","2","5","6","3","3","8","4","4"
"197230","Wells College","2012","110","29","81","0","0","0","0","0","0","4","2","2","6","2","4","0","0","0","78","17","61","0","0","0","22","8","14","0","0","0"
"197708","Yeshiva University","2012","1952","798","1154","1","0","1","91","31","60","48","15","33","83","35","48","14","5","9","1435","600","835","34","14","20","125","41","84","121","57","64"
"197869","Appalachian State University","2012","4223","1887","2336","17","8","9","65","31","34","113","50","63","102","45","57","0","0","0","3774","1689","2085","27","13","14","104","42","62","21","9","12"
"197911","Barton College","2012","260","58","202","2","0","2","2","0","2","67","7","60","3","1","2","1","0","1","171","44","127","1","1","0","8","0","8","5","5","0"
"197984","Belmont Abbey College","2012","360","122","238","2","1","1","9","1","8","115","18","97","17","5","12","1","0","1","170","71","99","0","0","0","42","23","19","4","3","1"
"197993","Bennett College for Women","2012","108","0","108","0","0","0","0","0","0","100","0","100","4","0","4","0","0","0","0","0","0","4","0","4","0","0","0","0","0","0"
"198066","Brevard College","2012","120","64","56","0","0","0","0","0","0","14","12","2","3","2","1","0","0","0","90","43","47","0","0","0","7","2","5","6","5","1"
"198136","Campbell University","2012","1400","706","694","13","5","8","61","32","29","198","101","97","38","21","17","3","1","2","932","464","468","0","0","0","155","82","73","0","0","0"
"198215","Catawba College","2012","294","111","183","2","0","2","3","1","2","58","22","36","0","0","0","0","0","0","217","78","139","0","0","0","14","10","4","0","0","0"
"198303","Chowan University","2012","161","62","99","0","0","0","0","0","0","70","30","40","4","3","1","0","0","0","81","26","55","2","1","1","4","2","2","0","0","0"
"198385","Davidson College","2012","463","227","236","1","1","0","19","11","8","28","9","19","23","6","17","0","0","0","333","173","160","3","0","3","38","16","22","18","11","7"
"198419","Duke University","2012","4782","2457","2325","17","10","7","1051","584","467","299","116","183","240","112","128","7","4","3","2639","1346","1293","119","65","54","240","129","111","170","91","79"
"198464","East Carolina University","2012","5946","2242","3704","31","13","18","120","55","65","782","209","573","137","48","89","2","1","1","4537","1782","2755","59","24","35","216","86","130","62","24","38"
"198507","Elizabeth City State University","2012","429","148","281","0","0","0","1","1","0","327","116","211","9","1","8","0","0","0","77","23","54","0","0","0","12","6","6","3","1","2"
"198516","Elon University","2012","1408","562","846","6","4","2","22","13","9","86","39","47","43","21","22","0","0","0","1122","423","699","16","7","9","102","51","51","11","4","7"
"198543","Fayetteville State University","2012","1147","359","788","16","2","14","15","11","4","719","220","499","60","16","44","1","0","1","260","93","167","2","0","2","55","13","42","19","4","15"
"198561","Gardner-Webb University","2012","1256","347","909","4","0","4","13","3","10","256","69","187","14","8","6","0","0","0","940","255","685","0","0","0","29","12","17","0","0","0"
"198598","Greensboro College","2012","240","108","132","1","1","0","0","0","0","40","20","20","25","9","16","2","1","1","129","61","68","0","0","0","43","16","27","0","0","0"
"198613","Guilford College","2012","542","216","326","1","1","0","6","3","3","118","29","89","24","8","16","1","0","1","363","166","197","26","8","18","0","0","0","3","1","2"
"198695","High Point University","2012","814","288","526","3","2","1","8","5","3","97","25","72","19","4","15","0","0","0","623","224","399","0","0","0","57","22","35","7","6","1"
"198756","Johnson C Smith University","2012","275","86","189","2","1","1","0","0","0","266","84","182","0","0","0","0","0","0","0","0","0","0","0","0","5","0","5","2","1","1"
"198808","Lees-McRae College","2012","205","52","153","0","0","0","0","0","0","7","1","6","4","2","2","0","0","0","97","22","75","1","0","1","84","17","67","12","10","2"
"198835","Lenoir-Rhyne University","2012","352","99","253","2","1","1","6","1","5","28","15","13","9","3","6","0","0","0","305","78","227","1","1","0","1","0","1","0","0","0"
"198862","Livingstone College","2012","110","54","56","0","0","0","0","0","0","106","50","56","0","0","0","0","0","0","2","2","0","0","0","0","1","1","0","1","1","0"
"198899","Mars Hill College","2012","222","101","121","3","1","2","4","1","3","24","14","10","10","7","3","1","1","0","176","74","102","0","0","0","4","3","1","0","0","0"
"198950","Meredith College","2012","512","19","493","1","0","1","17","1","16","42","5","37","19","0","19","2","0","2","389","13","376","3","0","3","32","0","32","7","0","7"
"198969","Methodist University","2012","363","180","183","3","1","2","6","4","2","44","16","28","15","5","10","3","1","2","251","137","114","5","0","5","24","12","12","12","4","8"
"199032","Montreat College","2012","310","106","204","4","0","4","0","0","0","90","23","67","13","4","9","0","0","0","188","73","115","6","3","3","8","2","6","1","1","0"
"199069","Mount Olive College","2012","1022","274","748","6","3","3","5","1","4","361","68","293","22","11","11","2","0","2","557","173","384","1","0","1","61","12","49","7","6","1"
"199102","North Carolina A & T State University","2012","1665","697","968","5","3","2","23","17","6","1391","541","850","26","15","11","0","0","0","160","86","74","2","1","1","16","6","10","42","28","14"
"199111","University of North Carolina at Asheville","2012","723","290","433","5","1","4","12","5","7","16","11","5","33","9","24","1","0","1","633","248","385","7","6","1","9","3","6","7","7","0"
"199120","University of North Carolina at Chapel Hill","2012","7564","3122","4442","44","14","30","456","181","275","613","185","428","484","202","282","62","30","32","5101","2105","2996","138","48","90","272","129","143","394","228","166"
"199139","University of North Carolina at Charlotte","2012","5343","2349","2994","21","7","14","219","107","112","672","208","464","222","91","131","2","0","2","3502","1530","1972","39","15","24","209","100","109","457","291","166"
"199148","University of North Carolina at Greensboro","2012","3986","1264","2722","16","2","14","118","48","70","722","156","566","150","41","109","0","0","0","2705","917","1788","88","28","60","65","21","44","122","51","71"
"199157","North Carolina Central University","2012","1510","475","1035","2","1","1","15","9","6","1108","330","778","27","9","18","0","0","0","281","102","179","7","1","6","56","18","38","14","5","9"
"199193","North Carolina State University at Raleigh","2012","8019","4332","3687","37","18","19","283","154","129","449","192","257","157","71","86","3","2","1","6137","3308","2829","45","16","29","185","87","98","723","484","239"
"199209","North Carolina Wesleyan College","2012","315","105","210","3","0","3","0","0","0","154","38","116","1","0","1","2","1","1","111","42","69","3","3","0","22","7","15","19","14","5"
"199218","University of North Carolina Wilmington","2012","3197","1240","1957","22","4","18","62","19","43","126","39","87","121","35","86","4","3","1","2685","1058","1627","55","21","34","72","36","36","50","25","25"
"199272","William Peace University","2012","136","5","131","3","1","2","2","0","2","23","0","23","7","1","6","0","0","0","89","2","87","0","0","0","12","1","11","0","0","0"
"199281","University of North Carolina at Pembroke","2012","1119","376","743","159","43","116","20","4","16","276","89","187","38","12","26","1","0","1","548","200","348","16","2","14","30","15","15","31","11","20"
"199306","Pfeiffer University","2012","518","156","362","0","0","0","13","3","10","162","31","131","8","5","3","0","0","0","268","94","174","14","5","9","19","6","13","34","12","22"
"199412","Queens University of Charlotte","2012","668","159","509","3","1","2","9","2","7","89","19","70","35","6","29","0","0","0","443","103","340","14","5","9","54","16","38","21","7","14"
"199458","Mid-Atlantic Christian University","2012","30","20","10","0","0","0","0","0","0","1","1","0","0","0","0","0","0","0","29","19","10","0","0","0","0","0","0","0","0","0"
"199582","Saint Augustine's University","2012","210","89","121","0","0","0","0","0","0","197","80","117","1","0","1","0","0","0","7","6","1","0","0","0","1","1","0","4","2","2"
"199607","Salem College","2012","166","7","159","1","0","1","0","0","0","29","0","29","6","1","5","0","0","0","121","6","115","3","0","3","3","0","3","3","0","3"
"199643","Shaw University","2012","373","130","243","0","0","0","0","0","0","329","109","220","2","1","1","0","0","0","7","2","5","0","0","0","31","17","14","4","1","3"
"199698","St. Andrews University","2012","80","39","41","0","0","0","0","0","0","16","12","4","1","1","0","0","0","0","63","26","37","0","0","0","0","0","0","0","0","0"
"199847","Wake Forest University","2012","2100","1083","1017","12","6","6","104","43","61","179","80","99","70","37","33","0","0","0","1588","830","758","3","2","1","36","28","8","108","57","51"
"199865","Warren Wilson College","2012","259","89","170","1","1","0","8","0","8","5","0","5","7","2","5","0","0","0","230","81","149","2","1","1","0","0","0","6","4","2"
"199962","Wingate University","2012","513","214","299","6","3","3","10","3","7","57","22","35","9","5","4","0","0","0","373","146","227","0","0","0","37","17","20","21","18","3"
"199999","Winston-Salem State University","2012","1469","333","1136","11","3","8","14","2","12","930","244","686","14","1","13","0","0","0","395","58","337","9","2","7","60","17","43","36","6","30"
"200004","Western Carolina University","2012","2266","935","1331","28","9","19","24","15","9","102","36","66","51","24","27","1","1","0","1864","804","1060","23","13","10","30","15","15","143","18","125"
"200013","Rasmussen College-North Dakota","2012","40","16","24","1","0","1","0","0","0","0","0","0","1","0","1","0","0","0","37","15","22","0","0","0","1","1","0","0","0","0"
"200059","Dickinson State University","2012","381","134","247","10","6","4","5","1","4","9","6","3","8","5","3","0","0","0","293","82","211","4","3","1","15","7","8","37","24","13"
"200156","Jamestown College","2012","165","68","97","3","2","1","2","0","2","2","2","0","3","2","1","1","0","1","149","61","88","0","0","0","0","0","0","5","1","4"
"200217","University of Mary","2012","890","265","625","26","6","20","5","2","3","30","9","21","0","0","0","2","1","1","826","246","580","1","1","0","0","0","0","0","0","0"
"200226","Mayville State University","2012","126","41","85","4","0","4","0","0","0","5","4","1","1","0","1","1","1","0","109","32","77","1","0","1","0","0","0","5","4","1"
"200253","Minot State University","2012","716","218","498","22","3","19","6","2","4","21","10","11","12","1","11","0","0","0","531","163","368","1","1","0","18","3","15","105","35","70"
"200280","University of North Dakota","2012","2676","1205","1471","69","30","39","34","22","12","29","16","13","32","14","18","1","1","0","2256","1011","1245","11","5","6","134","60","74","110","46","64"
"200332","North Dakota State University-Main Campus","2012","2617","1476","1141","12","5","7","36","16","20","37","25","12","17","10","7","0","0","0","2117","1162","955","6","4","2","95","52","43","297","202","95"
"200572","Valley City State University","2012","249","103","146","2","2","0","2","0","2","6","4","2","3","1","2","0","0","0","218","85","133","1","1","0","7","5","2","10","5","5"
"200800","University of Akron Main Campus","2012","4636","2142","2494","8","2","6","97","45","52","357","138","219","76","34","42","3","1","2","3713","1723","1990","10","3","7","169","75","94","203","121","82"
"201104","Ashland University","2012","1826","886","940","10","5","5","8","5","3","311","233","78","37","22","15","4","2","2","1358","570","788","3","1","2","40","18","22","55","30","25"
"201195","Baldwin Wallace University","2012","942","394","548","2","1","1","12","4","8","68","22","46","33","12","21","1","1","0","784","332","452","20","10","10","4","2","2","18","10","8"
"201371","Bluffton University","2012","292","125","167","0","0","0","2","0","2","9","8","1","2","2","0","0","0","0","265","109","156","0","0","0","10","5","5","4","1","3"
"201441","Bowling Green State University-Main Campus","2012","3756","1595","2161","13","5","8","43","19","24","270","107","163","108","47","61","1","1","0","2991","1254","1737","12","4","8","133","64","69","185","94","91"
"201548","Capital University","2012","832","343","489","5","1","4","19","6","13","69","23","46","14","6","8","0","0","0","661","283","378","0","0","0","52","23","29","12","1","11"
"201645","Case Western Reserve University","2012","2604","1241","1363","4","2","2","293","144","149","155","44","111","54","21","33","1","1","0","1394","687","707","17","8","9","219","101","118","467","233","234"
"201654","Cedarville University","2012","602","264","338","2","0","2","10","5","5","7","2","5","17","7","10","0","0","0","544","243","301","0","0","0","16","5","11","6","2","4"
"201690","Central State University","2012","265","113","152","0","0","0","0","0","0","251","107","144","0","0","0","0","0","0","5","2","3","0","0","0","9","4","5","0","0","0"
"201885","University of Cincinnati-Main Campus","2012","8028","3453","4575","29","9","20","274","131","143","635","194","441","154","70","84","3","1","2","5881","2541","3340","27","12","15","509","218","291","516","277","239"
"201964","Ohio Christian University","2012","356","148","208","2","1","1","5","3","2","71","24","47","3","1","2","0","0","0","264","115","149","3","2","1","7","2","5","1","0","1"
"202134","Cleveland State University","2012","3755","1626","2129","10","2","8","108","52","56","528","146","382","111","35","76","0","0","0","2405","1079","1326","16","8","8","264","114","150","313","190","123"
"202480","University of Dayton","2012","2791","1293","1498","4","3","1","35","15","20","120","42","78","46","22","24","1","1","0","2153","960","1193","9","3","6","240","129","111","183","118","65"
"202514","Defiance College","2012","246","121","125","0","0","0","0","0","0","14","11","3","5","3","2","0","0","0","226","106","120","0","0","0","0","0","0","1","1","0"
"202523","Denison University","2012","513","222","291","0","0","0","8","1","7","31","12","19","21","12","9","1","0","1","403","179","224","18","7","11","0","0","0","31","11","20"
"202541","DeVry University-Ohio","2012","831","485","346","1","1","0","19","13","6","171","75","96","24","15","9","1","1","0","584","365","219","13","6","7","15","8","7","3","1","2"
"202611","Chancellor University","2012","80","39","41","0","0","0","0","0","0","17","5","12","2","1","1","1","0","1","25","14","11","0","0","0","35","19","16","0","0","0"
"202684","Bryant & Stratton College-Cleveland","2012","133","36","97","0","0","0","0","0","0","123","30","93","2","1","1","0","0","0","8","5","3","0","0","0","0","0","0","0","0","0"
"202763","The University of Findlay","2012","883","294","589","2","0","2","13","5","8","24","13","11","19","5","14","1","0","1","711","218","493","11","4","7","13","5","8","89","44","45"
"203085","Heidelberg University","2012","284","122","162","0","0","0","1","1","0","10","4","6","7","5","2","0","0","0","239","100","139","1","0","1","18","8","10","8","4","4"
"203128","Hiram College","2012","297","127","170","1","1","0","1","0","1","36","18","18","7","3","4","0","0","0","224","92","132","4","1","3","7","3","4","17","9","8"
"203368","John Carroll University","2012","906","418","488","1","0","1","14","4","10","46","14","32","35","17","18","0","0","0","777","363","414","17","10","7","16","10","6","0","0","0"
"203492","Kent State University at Salem","2012","172","41","131","2","0","2","0","0","0","2","0","2","1","0","1","0","0","0","165","40","125","1","1","0","1","0","1","0","0","0"
"203517","Kent State University at Kent","2012","6235","2282","3953","27","7","20","101","45","56","374","111","263","122","43","79","0","0","0","5057","1812","3245","27","10","17","211","90","121","316","164","152"
"203535","Kenyon College","2012","410","189","221","4","1","3","25","11","14","8","3","5","16","5","11","0","0","0","332","156","176","1","1","0","10","4","6","14","8","6"
"203580","Lake Erie College","2012","278","116","162","0","0","0","2","1","1","8","4","4","2","1","1","0","0","0","252","101","151","4","1","3","7","5","2","3","3","0"
"203757","Lourdes University","2012","371","62","309","1","0","1","3","1","2","35","1","34","11","5","6","0","0","0","302","53","249","5","0","5","14","2","12","0","0","0"
"203775","Malone University","2012","590","231","359","0","0","0","4","3","1","43","15","28","4","1","3","0","0","0","526","205","321","1","0","1","5","3","2","7","4","3"
"203845","Marietta College","2012","342","162","180","3","1","2","2","0","2","7","4","3","2","1","1","0","0","0","258","128","130","3","1","2","34","14","20","33","13","20"
"204024","Miami University-Oxford","2012","4623","2015","2608","26","11","15","111","47","64","204","78","126","89","39","50","8","2","6","3836","1676","2160","15","6","9","138","68","70","196","88","108"
"204185","University of Mount Union","2012","470","203","267","0","0","0","5","2","3","16","12","4","10","4","6","0","0","0","401","170","231","4","3","1","20","8","12","14","4","10"
"204194","Mount Vernon Nazarene University","2012","766","298","468","0","0","0","4","1","3","48","9","39","8","1","7","0","0","0","660","275","385","0","0","0","41","8","33","5","4","1"
"204200","College of Mount St. Joseph","2012","500","178","322","1","1","0","2","0","2","37","9","28","5","1","4","1","1","0","428","157","271","2","1","1","23","8","15","1","0","1"
"204264","Muskingum University","2012","467","187","280","2","2","0","4","0","4","18","15","3","4","3","1","0","0","0","353","144","209","0","0","0","84","21","63","2","2","0"
"204468","Notre Dame College","2012","170","42","128","0","0","0","2","1","1","31","4","27","4","1","3","0","0","0","114","31","83","3","0","3","16","5","11","0","0","0"
"204501","Oberlin College","2012","732","332","400","1","0","1","65","28","37","46","22","24","47","18","29","0","0","0","534","250","284","37","13","24","2","1","1","0","0","0"
"204617","Ohio Dominican University","2012","787","297","490","6","3","3","9","3","6","178","59","119","14","4","10","4","2","2","559","220","339","8","1","7","2","1","1","7","4","3"
"204635","Ohio Northern University","2012","734","364","370","1","1","0","16","7","9","30","14","16","11","3","8","0","0","0","641","318","323","10","5","5","0","0","0","25","16","9"
"204671","Ohio State University-Lima Campus","2012","144","60","84","0","0","0","0","0","0","1","0","1","3","0","3","0","0","0","138","58","80","1","1","0","1","1","0","0","0","0"
"204680","Ohio State University-Mansfield Campus","2012","255","92","163","1","0","1","1","0","1","6","1","5","4","1","3","0","0","0","239","86","153","1","1","0","3","3","0","0","0","0"
"204699","Ohio State University-Marion Campus","2012","165","55","110","1","1","0","5","2","3","8","3","5","3","1","2","0","0","0","145","47","98","2","0","2","1","1","0","0","0","0"
"204705","Ohio State University-Newark Campus","2012","253","102","151","1","1","0","4","2","2","10","5","5","4","0","4","0","0","0","225","88","137","4","3","1","5","3","2","0","0","0"
"204796","Ohio State University-Main Campus","2012","15301","7549","7752","39","22","17","763","375","388","742","290","452","429","215","214","0","0","0","11311","5615","5696","116","46","70","412","219","193","1489","767","722"
"204857","Ohio University-Main Campus","2012","6911","2735","4176","30","16","14","63","27","36","331","95","236","131","51","80","3","1","2","5815","2261","3554","114","56","58","113","51","62","311","177","134"
"204909","Ohio Wesleyan University","2012","418","179","239","1","1","0","8","5","3","21","8","13","4","0","4","0","0","0","343","141","202","1","0","1","10","5","5","30","19","11"
"204936","Otterbein University","2012","623","197","426","0","0","0","9","1","8","33","15","18","12","8","4","0","0","0","528","162","366","4","0","4","32","10","22","5","1","4"
"205203","University of Rio Grande","2012","379","122","257","2","1","1","1","0","1","11","6","5","2","0","2","0","0","0","310","98","212","1","0","1","47","12","35","5","5","0"
"205443","Shawnee State University","2012","628","234","394","3","2","1","3","1","2","12","5","7","1","1","0","1","0","1","573","207","366","0","0","0","32","17","15","3","1","2"
"205957","Franciscan University of Steubenville","2012","726","308","418","4","1","3","7","1","6","4","1","3","53","22","31","0","0","0","525","219","306","6","2","4","118","58","60","9","4","5"
"206048","Tiffin University","2012","870","381","489","1","0","1","7","4","3","128","33","95","23","9","14","0","0","0","554","258","296","0","0","0","157","77","80","0","0","0"
"206084","University of Toledo","2012","4616","2172","2444","6","1","5","149","78","71","314","119","195","127","58","69","3","2","1","3327","1529","1798","41","15","26","232","122","110","417","248","169"
"206279","Union Institute & University","2012","721","363","358","9","6","3","18","13","5","133","31","102","107","70","37","4","3","1","326","161","165","5","1","4","119","78","41","0","0","0"
"206330","Urbana University","2012","275","104","171","1","1","0","1","1","0","30","19","11","0","0","0","0","0","0","216","71","145","3","1","2","5","3","2","19","8","11"
"206349","Ursuline College","2012","470","70","400","2","1","1","11","0","11","89","8","81","7","2","5","0","0","0","333","41","292","5","1","4","19","16","3","4","1","3"
"206437","Walsh University","2012","617","209","408","1","0","1","7","3","4","24","8","16","4","1","3","1","1","0","483","156","327","5","0","5","85","35","50","7","5","2"
"206491","Wilberforce University","2012","125","36","89","1","1","0","1","1","0","117","33","84","0","0","0","0","0","0","2","1","1","0","0","0","4","0","4","0","0","0"
"206507","Wilmington College","2012","297","114","183","1","1","0","1","1","0","25","10","15","2","1","1","0","0","0","200","74","126","4","0","4","63","26","37","1","1","0"
"206525","Wittenberg University","2012","425","162","263","1","1","0","4","2","2","7","4","3","8","4","4","2","1","1","374","136","238","4","1","3","14","7","7","11","6","5"
"206589","The College of Wooster","2012","402","185","217","0","0","0","12","3","9","26","9","17","6","2","4","0","0","0","290","138","152","0","0","0","45","24","21","23","9","14"
"206604","Wright State University-Main Campus","2012","4003","1773","2230","11","5","6","121","51","70","329","131","198","91","38","53","3","2","1","3112","1348","1764","88","36","52","53","25","28","195","137","58"
"206622","Xavier University","2012","1740","771","969","6","1","5","61","32","29","151","55","96","31","12","19","1","1","0","1382","609","773","2","1","1","67","41","26","39","19","20"
"206695","Youngstown State University","2012","2035","878","1157","4","1","3","40","17","23","159","58","101","37","13","24","0","0","0","1599","690","909","4","4","0","146","63","83","46","32","14"
"206817","Bacone College","2012","143","50","93","48","12","36","0","0","0","25","14","11","9","3","6","0","0","0","56","17","39","0","0","0","5","4","1","0","0","0"
"206835","Oklahoma Wesleyan University","2012","349","125","224","34","11","23","1","0","1","22","7","15","12","7","5","1","0","1","259","87","172","8","4","4","5","3","2","7","6","1"
"206862","Southern Nazarene University","2012","753","339","414","41","17","24","20","8","12","95","33","62","38","18","20","1","1","0","541","248","293","0","0","0","0","0","0","17","14","3"
"206914","Cameron University","2012","789","294","495","49","21","28","17","10","7","120","48","72","56","19","37","0","0","0","410","140","270","8","2","6","28","13","15","101","41","60"
"206941","University of Central Oklahoma","2012","3046","1151","1895","128","43","85","102","45","57","236","71","165","158","50","108","6","0","6","1966","754","1212","93","27","66","134","64","70","223","97","126"
"207041","East Central University","2012","939","340","599","169","54","115","4","2","2","43","25","18","24","11","13","2","2","0","615","213","402","17","4","13","17","5","12","48","24","24"
"207209","Langston University","2012","426","137","289","7","1","6","6","1","5","327","113","214","8","3","5","0","0","0","74","17","57","0","0","0","0","0","0","4","2","2"
"207263","Northeastern State University","2012","1819","631","1188","342","127","215","23","6","17","77","28","49","38","12","26","0","0","0","1197","396","801","63","28","35","20","4","16","59","30","29"
"207306","Northwestern Oklahoma State University","2012","386","142","244","20","8","12","0","0","0","10","6","4","12","1","11","0","0","0","312","110","202","3","3","0","24","9","15","5","5","0"
"207324","Oklahoma Christian University","2012","473","267","206","12","4","8","51","33","18","23","9","14","11","6","5","2","2","0","374","213","161","0","0","0","0","0","0","0","0","0"
"207351","Oklahoma Panhandle State University","2012","283","135","148","16","7","9","0","0","0","19","15","4","35","16","19","0","0","0","197","86","111","0","0","0","11","7","4","5","4","1"
"207388","Oklahoma State University-Main Campus","2012","5391","2718","2673","282","135","147","61","35","26","175","78","97","167","100","67","0","0","0","3850","1871","1979","273","126","147","71","36","35","512","337","175"
"207403","Oklahoma Baptist University","2012","321","112","209","16","9","7","1","0","1","12","4","8","8","2","6","0","0","0","241","84","157","2","1","1","31","9","22","10","3","7"
"207458","Oklahoma City University","2012","1176","472","704","29","9","20","34","15","19","70","27","43","45","14","31","1","0","1","600","252","348","19","9","10","11","3","8","367","143","224"
"207500","University of Oklahoma Norman Campus","2012","5974","2964","3010","281","117","164","272","145","127","324","136","188","139","62","77","6","2","4","3778","1875","1903","84","34","50","745","372","373","345","221","124"
"207582","Oral Roberts University","2012","582","246","336","10","3","7","1","0","1","82","31","51","25","8","17","14","8","6","328","145","183","5","2","3","55","18","37","62","31","31"
"207661","Rogers State University","2012","518","170","348","50","16","34","5","3","2","12","6","6","16","4","12","1","0","1","339","113","226","87","24","63","0","0","0","8","4","4"
"207689","Saint Gregorys University","2012","183","66","117","9","3","6","1","0","1","8","4","4","10","5","5","0","0","0","100","35","65","3","1","2","46","18","28","6","0","6"
"207722","University of Science and Arts of Oklahoma","2012","188","65","123","16","6","10","1","0","1","7","3","4","8","3","5","0","0","0","132","38","94","6","0","6","1","1","0","17","14","3"
"207847","Southeastern Oklahoma State University","2012","772","362","410","198","90","108","13","10","3","31","19","12","19","9","10","1","1","0","467","212","255","17","5","12","0","0","0","26","16","10"
"207856","Southwestern Christian University","2012","48","14","34","2","2","0","0","0","0","11","2","9","3","2","1","1","1","0","30","7","23","0","0","0","0","0","0","1","0","1"
"207865","Southwestern Oklahoma State University","2012","989","389","600","59","22","37","25","13","12","37","25","12","39","11","28","1","1","0","770","287","483","35","19","16","4","1","3","19","10","9"
"207971","University of Tulsa","2012","1000","544","456","32","22","10","25","16","9","34","15","19","36","24","12","0","0","0","618","318","300","3","1","2","71","35","36","181","113","68"
"208488","Concordia University-Portland","2012","932","260","672","17","5","12","29","8","21","98","23","75","50","14","36","1","0","1","632","175","457","12","4","8","86","29","57","7","2","5"
"208646","Eastern Oregon University","2012","764","289","475","11","4","7","19","5","14","11","7","4","32","14","18","8","3","5","625","236","389","1","0","1","43","14","29","14","6","8"
"208822","George Fox University","2012","990","414","576","17","6","11","34","19","15","13","6","7","45","15","30","2","0","2","730","304","426","10","3","7","90","42","48","49","19","30"
"209056","Lewis & Clark College","2012","1224","440","784","19","4","15","58","18","40","18","7","11","59","24","35","1","0","1","814","288","526","21","3","18","195","79","116","39","17","22"
"209065","Linfield College-McMinnville Campus","2012","344","147","197","7","2","5","35","17","18","6","1","5","24","9","15","0","0","0","226","103","123","2","1","1","25","7","18","19","7","12"
"209108","Marylhurst University","2012","685","278","407","4","0","4","15","6","9","38","18","20","34","11","23","2","1","1","520","209","311","27","5","22","38","22","16","7","6","1"
"209409","Northwest Christian University","2012","190","58","132","1","1","0","8","1","7","7","3","4","5","3","2","0","0","0","157","48","109","1","0","1","10","2","8","1","0","1"
"209506","Oregon Institute of Technology","2012","621","298","323","10","5","5","36","13","23","10","4","6","35","15","20","2","1","1","471","230","241","34","13","21","17","12","5","6","5","1"
"209542","Oregon State University","2012","5003","2463","2540","50","18","32","349","177","172","46","25","21","236","102","134","23","8","15","3540","1703","1837","57","26","31","453","242","211","249","162","87"
"209551","University of Oregon","2012","5653","2694","2959","62","22","40","278","134","144","86","42","44","217","93","124","31","13","18","4152","1982","2170","72","34","38","381","188","193","374","186","188"
"209612","Pacific University","2012","1012","304","708","1","1","0","121","34","87","7","3","4","46","18","28","10","7","3","668","201","467","27","5","22","95","21","74","37","14","23"
"209807","Portland State University","2012","6538","2785","3753","124","52","72","443","184","259","190","79","111","406","150","256","30","13","17","4459","1844","2615","140","47","93","317","161","156","429","255","174"
"209825","University of Portland","2012","1017","407","610","6","0","6","66","19","47","15","3","12","53","21","32","26","5","21","707","301","406","32","14","18","30","9","21","82","35","47"
"209922","Reed College","2012","298","127","171","1","0","1","20","7","13","12","6","6","21","10","11","0","0","0","153","67","86","10","4","6","68","24","44","13","9","4"
"210146","Southern Oregon University","2012","1095","439","656","14","7","7","29","12","17","16","11","5","51","18","33","11","6","5","855","330","525","14","6","8","76","27","49","29","22","7"
"210304","Warner Pacific College","2012","103","39","64","1","1","0","3","0","3","7","3","4","7","4","3","0","0","0","77","27","50","0","0","0","7","4","3","1","0","1"
"210331","Corban University","2012","281","122","159","6","3","3","4","2","2","6","2","4","13","3","10","6","4","2","232","103","129","5","2","3","9","3","6","0","0","0"
"210401","Willamette University","2012","742","337","405","3","0","3","36","13","23","12","8","4","31","18","13","2","2","0","491","226","265","19","7","12","110","40","70","38","23","15"
"210429","Western Oregon University","2012","1244","504","740","21","4","17","27","10","17","17","13","4","103","31","72","9","4","5","935","364","571","25","10","15","19","9","10","88","59","29"
"210492","Bryn Athyn College of the New Church","2012","51","27","24","0","0","0","1","0","1","6","2","4","1","1","0","0","0","0","36","21","15","2","0","2","0","0","0","5","3","2"
"210571","Albright College","2012","501","204","297","0","0","0","10","1","9","39","17","22","35","13","22","0","0","0","371","157","214","2","0","2","35","12","23","9","4","5"
"210669","Allegheny College","2012","465","214","251","0","0","0","14","8","6","22","5","17","14","7","7","0","0","0","408","191","217","2","0","2","0","0","0","5","3","2"
"210739","DeSales University","2012","757","297","460","0","0","0","12","5","7","16","3","13","14","4","10","0","0","0","457","184","273","0","0","0","258","101","157","0","0","0"
"210775","Alvernia University","2012","679","176","503","5","0","5","7","2","5","88","15","73","40","3","37","1","0","1","518","148","370","4","1","3","14","6","8","2","1","1"
"211088","Arcadia University","2012","1110","298","812","2","1","1","44","16","28","81","21","60","23","3","20","2","1","1","770","175","595","11","1","10","92","29","63","85","51","34"
"211158","Bloomsburg University of Pennsylvania","2012","2012","797","1215","4","4","0","22","11","11","92","39","53","65","33","32","2","0","2","1683","639","1044","15","7","8","90","42","48","39","22","17"
"211273","Bryn Mawr College","2012","505","39","466","0","0","0","41","3","38","24","0","24","31","3","28","0","0","0","254","23","231","19","1","18","105","7","98","31","2","29"
"211291","Bucknell University","2012","916","421","495","0","0","0","37","23","14","16","10","6","30","13","17","1","1","0","746","326","420","25","13","12","20","9","11","41","26","15"
"211352","Cabrini College","2012","1039","259","780","3","1","2","17","4","13","66","13","53","41","13","28","2","0","2","715","174","541","0","0","0","195","54","141","0","0","0"
"211361","California University of Pennsylvania","2012","2515","1080","1435","12","6","6","13","6","7","164","74","90","51","21","30","0","0","0","2007","870","1137","0","0","0","222","94","128","46","9","37"
"211431","Carlow University","2012","602","52","550","1","0","1","7","1","6","66","3","63","2","1","1","0","0","0","389","26","363","2","1","1","132","20","112","3","0","3"
"211440","Carnegie Mellon University","2012","3758","2406","1352","4","4","0","557","357","200","100","47","53","110","54","56","1","0","1","1226","781","445","43","25","18","300","191","109","1417","947","470"
"211468","Cedar Crest College","2012","453","18","435","0","0","0","15","1","14","24","1","23","25","0","25","0","0","0","350","11","339","0","0","0","36","4","32","3","1","2"
"211477","Central Penn College","2012","356","118","238","0","0","0","8","2","6","31","12","19","17","3","14","0","0","0","275","88","187","0","0","0","25","13","12","0","0","0"
"211556","Chatham University","2012","759","121","638","0","0","0","21","4","17","55","6","49","13","3","10","1","0","1","542","79","463","5","1","4","100","25","75","22","3","19"
"211583","Chestnut Hill College","2012","638","147","491","0","0","0","15","4","11","187","34","153","24","7","17","0","0","0","296","80","216","6","2","4","99","19","80","11","1","10"
"211608","Cheyney University of Pennsylvania","2012","202","82","120","0","0","0","0","0","0","190","72","118","3","2","1","0","0","0","2","2","0","0","0","0","7","6","1","0","0","0"
"211644","Clarion University of Pennsylvania","2012","1492","475","1017","1","0","1","5","2","3","53","18","35","17","7","10","0","0","0","1350","423","927","11","4","7","42","14","28","13","7","6"
"211981","Delaware Valley College","2012","487","197","290","1","0","1","0","0","0","11","4","7","7","1","6","0","0","0","424","172","252","4","2","2","40","18","22","0","0","0"
"212009","Dickinson College","2012","548","238","310","2","0","2","17","6","11","24","10","14","29","11","18","0","0","0","418","186","232","7","1","6","16","8","8","35","16","19"
"212054","Drexel University","2012","5977","2592","3385","10","4","6","680","309","371","476","134","342","232","84","148","2","0","2","3644","1599","2045","78","35","43","376","152","224","479","275","204"
"212106","Duquesne University","2012","2614","1069","1545","2","0","2","51","21","30","86","35","51","42","15","27","0","0","0","2119","844","1275","9","2","7","210","102","108","95","50","45"
"212115","East Stroudsburg University of Pennsylvania","2012","1703","683","1020","2","1","1","30","14","16","70","23","47","95","39","56","4","2","2","1350","539","811","12","3","9","128","54","74","12","8","4"
"212133","Eastern University","2012","1013","317","696","1","0","1","13","6","7","263","63","200","104","27","77","0","0","0","544","187","357","5","1","4","52","24","28","31","9","22"
"212160","Edinboro University of Pennsylvania","2012","1637","533","1104","5","1","4","13","5","8","87","33","54","18","5","13","0","0","0","1488","481","1007","1","0","1","9","4","5","16","4","12"
"212197","Elizabethtown College","2012","419","144","275","1","0","1","12","8","4","7","3","4","6","2","4","0","0","0","386","127","259","0","0","0","0","0","0","7","4","3"
"212577","Franklin and Marshall College","2012","553","243","310","0","0","0","16","7","9","15","5","10","22","11","11","0","0","0","424","183","241","8","4","4","23","12","11","45","21","24"
"212601","Gannon University","2012","953","382","571","1","0","1","9","3","6","40","17","23","8","2","6","0","0","0","733","250","483","0","0","0","61","27","34","101","83","18"
"212656","Geneva College","2012","522","207","315","1","0","1","7","3","4","74","28","46","8","4","4","0","0","0","425","169","256","2","0","2","0","0","0","5","3","2"
"212674","Gettysburg College","2012","617","299","318","0","0","0","9","6","3","29","12","17","26","11","15","0","0","0","474","231","243","0","0","0","62","27","35","17","12","5"
"212832","Gwynedd Mercy College","2012","743","167","576","4","1","3","21","4","17","159","40","119","16","3","13","0","0","0","538","116","422","0","0","0","1","1","0","4","2","2"
"212911","Haverford College","2012","307","136","171","0","0","0","23","13","10","21","10","11","30","9","21","0","0","0","206","90","116","21","11","10","0","0","0","6","3","3"
"212984","Holy Family University","2012","756","193","563","1","1","0","22","9","13","43","8","35","28","6","22","1","0","1","572","148","424","0","0","0","87","21","66","2","0","2"
"213011","Immaculata University","2012","889","186","703","5","2","3","16","1","15","79","14","65","8","2","6","0","0","0","657","141","516","0","0","0","105","24","81","19","2","17"
"213020","Indiana University of Pennsylvania-Main Campus","2012","3022","1237","1785","10","5","5","33","17","16","201","78","123","43","19","24","1","1","0","2382","944","1438","9","6","3","155","67","88","188","100","88"
"213251","Juniata College","2012","366","147","219","0","0","0","13","8","5","1","1","0","7","2","5","0","0","0","324","129","195","1","0","1","2","1","1","18","6","12"
"213303","Keystone College","2012","354","123","231","0","0","0","5","3","2","8","4","4","10","6","4","0","0","0","277","87","190","1","0","1","49","20","29","4","3","1"
"213321","King's College","2012","609","241","368","0","0","0","7","0","7","12","4","8","24","11","13","0","0","0","509","200","309","0","0","0","57","26","31","0","0","0"
"213349","Kutztown University of Pennsylvania","2012","2086","794","1292","8","4","4","25","9","16","84","38","46","102","41","61","0","0","0","1800","674","1126","6","0","6","39","17","22","22","11","11"
"213358","La Roche College","2012","331","116","215","1","1","0","1","0","1","18","4","14","3","0","3","0","0","0","220","79","141","0","0","0","63","20","43","25","12","13"
"213367","La Salle University","2012","1608","547","1061","5","0","5","65","21","44","213","46","167","116","38","78","0","0","0","1000","376","624","5","2","3","146","42","104","58","22","36"
"213385","Lafayette College","2012","585","317","268","0","0","0","26","15","11","25","13","12","28","12","16","0","0","0","392","216","176","7","5","2","74","36","38","33","20","13"
"213507","Lebanon Valley College","2012","453","196","257","1","0","1","4","2","2","5","1","4","11","7","4","1","1","0","408","176","232","2","0","2","21","9","12","0","0","0"
"213543","Lehigh University","2012","1849","1010","839","0","0","0","105","52","53","50","26","24","86","41","45","1","0","1","1204","658","546","25","16","9","145","77","68","233","140","93"
"213598","Lincoln University of Pennsylvania","2012","491","189","302","0","0","0","0","0","0","346","132","214","11","6","5","0","0","0","2","1","1","0","0","0","107","35","72","25","15","10"
"213613","Lock Haven University","2012","1069","441","628","1","0","1","8","4","4","65","28","37","24","10","14","0","0","0","952","389","563","4","4","0","5","0","5","10","6","4"
"213668","Lycoming College","2012","244","112","132","0","0","0","1","1","0","8","6","2","3","1","2","0","0","0","226","101","125","0","0","0","5","2","3","1","1","0"
"213783","Mansfield University of Pennsylvania","2012","725","241","484","4","2","2","6","3","3","20","6","14","10","1","9","0","0","0","603","191","412","2","1","1","69","31","38","11","6","5"
"213826","Marywood University","2012","925","221","704","0","0","0","15","1","14","16","7","9","23","6","17","0","0","0","801","190","611","0","0","0","55","10","45","15","7","8"
"213987","Mercyhurst University","2012","781","324","457","1","0","1","5","3","2","16","7","9","14","3","11","0","0","0","589","226","363","0","0","0","114","62","52","42","23","19"
"213996","Messiah College","2012","675","241","434","1","0","1","8","4","4","16","3","13","10","2","8","0","0","0","564","205","359","20","5","15","47","19","28","9","3","6"
"214041","Millersville University of Pennsylvania","2012","1817","706","1111","3","1","2","19","10","9","100","40","60","78","30","48","2","1","1","1561","599","962","13","5","8","34","17","17","7","3","4"
"214069","Misericordia University","2012","652","180","472","2","1","1","5","1","4","8","2","6","10","3","7","0","0","0","624","173","451","3","0","3","0","0","0","0","0","0"
"214157","Moravian College and Moravian Theological Seminary","2012","440","159","281","0","0","0","6","4","2","6","2","4","30","11","19","0","0","0","386","139","247","4","1","3","6","0","6","2","2","0"
"214166","Mount Aloysius College","2012","381","113","268","1","0","1","1","0","1","8","2","6","3","0","3","0","0","0","317","97","220","0","0","0","51","14","37","0","0","0"
"214175","Muhlenberg College","2012","623","269","354","1","0","1","17","5","12","11","7","4","11","3","8","0","0","0","456","184","272","17","9","8","109","61","48","1","0","1"
"214272","Neumann University","2012","662","222","440","1","1","0","11","4","7","88","17","71","15","5","10","1","1","0","501","174","327","0","0","0","45","20","25","0","0","0"
"214591","Pennsylvania State University-Penn State Erie-Behrend College","2012","853","545","308","2","1","1","10","4","6","13","8","5","20","12","8","0","0","0","769","495","274","13","9","4","18","11","7","8","5","3"
"214625","Pennsylvania State University-Penn State New Kensington","2012","114","68","46","0","0","0","0","0","0","3","1","2","2","1","1","0","0","0","101","59","42","1","1","0","7","6","1","0","0","0"
"214634","Pennsylvania State University-Penn State Shenango","2012","135","44","91","1","0","1","1","0","1","3","0","3","1","0","1","0","0","0","125","43","82","0","0","0","4","1","3","0","0","0"
"214643","Pennsylvania State University-Penn State Wilkes-Barre","2012","103","72","31","0","0","0","2","1","1","3","1","2","4","4","0","0","0","0","81","59","22","2","1","1","11","6","5","0","0","0"
"214652","Pennsylvania State University-Penn State Worthington Scranton","2012","198","72","126","0","0","0","1","1","0","5","1","4","4","1","3","0","0","0","168","60","108","2","0","2","18","9","9","0","0","0"
"214670","Pennsylvania State University-Penn State Lehigh Valley","2012","55","13","42","0","0","0","4","0","4","1","0","1","6","3","3","0","0","0","41","10","31","0","0","0","3","0","3","0","0","0"
"214689","Pennsylvania State University-Penn State Altoona","2012","440","209","231","1","1","0","3","2","1","15","8","7","12","7","5","0","0","0","392","180","212","4","2","2","13","9","4","0","0","0"
"214698","Pennsylvania State University-Penn State Beaver","2012","78","40","38","0","0","0","1","1","0","0","0","0","1","1","0","0","0","0","69","36","33","2","1","1","5","1","4","0","0","0"
"214704","Pennsylvania State University-Penn State Berks","2012","314","147","167","2","1","1","13","6","7","17","7","10","25","8","17","0","0","0","239","113","126","6","4","2","10","6","4","2","2","0"
"214713","Pennsylvania State University-Penn State Harrisburg","2012","1076","498","578","1","0","1","45","24","21","64","32","32","36","11","25","2","2","0","848","393","455","20","12","8","43","16","27","17","8","9"
"214731","Pennsylvania State University-Penn State Brandywine","2012","195","92","103","0","0","0","5","2","3","20","4","16","7","4","3","0","0","0","141","70","71","3","1","2","15","9","6","4","2","2"
"214740","Pennsylvania State University-Penn State Dubois","2012","158","75","83","0","0","0","0","0","0","1","1","0","4","2","2","0","0","0","151","72","79","1","0","1","1","0","1","0","0","0"
"214759","Pennsylvania State University-Penn State Fayette- Eberly Campus","2012","213","78","135","1","1","0","1","0","1","6","2","4","0","0","0","1","0","1","196","74","122","1","0","1","6","1","5","1","0","1"
"214768","Pennsylvania State University-Penn State Hazleton","2012","107","53","54","2","0","2","0","0","0","2","1","1","12","3","9","0","0","0","86","48","38","1","0","1","1","1","0","3","0","3"
"214777","Pennsylvania State University-Main Campus","2012","12038","6464","5574","8","3","5","600","335","265","425","171","254","436","224","212","8","5","3","8943","4793","4150","157","71","86","458","261","197","1003","601","402"
"214786","Pennsylvania State University-Penn State Greater Allegheny","2012","57","31","26","0","0","0","1","1","0","9","2","7","1","0","1","0","0","0","43","26","17","0","0","0","1","0","1","2","2","0"
"214795","Pennsylvania State University-Penn State Mont Alto","2012","161","46","115","0","0","0","1","1","0","3","1","2","5","2","3","0","0","0","142","39","103","3","1","2","7","2","5","0","0","0"
"214801","Pennsylvania State University-Penn State Abington","2012","432","221","211","1","0","1","50","31","19","40","18","22","33","15","18","0","0","0","278","147","131","7","2","5","20","7","13","3","1","2"
"214810","Pennsylvania State University-Penn State Schuylkill","2012","91","43","48","0","0","0","1","0","1","7","2","5","5","2","3","0","0","0","70","34","36","0","0","0","7","4","3","1","1","0"
"214829","Pennsylvania State University-Penn State York","2012","165","95","70","0","0","0","3","2","1","8","5","3","4","2","2","0","0","0","125","66","59","1","1","0","13","10","3","11","9","2"
"214883","Peirce College","2012","393","122","271","4","0","4","6","2","4","215","77","138","23","5","18","0","0","0","127","31","96","4","3","1","7","2","5","7","2","5"
"215062","University of Pennsylvania","2012","7324","3425","3899","24","13","11","1037","496","541","440","142","298","331","147","184","3","0","3","3424","1554","1870","102","38","64","586","291","295","1377","744","633"
"215099","Philadelphia University","2012","935","304","631","2","1","1","43","14","29","98","28","70","40","15","25","1","0","1","647","202","445","11","6","5","52","16","36","41","22","19"
"215114","Cairn University","2012","292","121","171","2","2","0","6","2","4","42","18","24","8","4","4","0","0","0","222","92","130","0","0","0","1","0","1","11","3","8"
"215266","University of Pittsburgh-Bradford","2012","334","143","191","0","0","0","7","5","2","15","8","7","5","2","3","2","1","1","285","119","166","2","0","2","17","8","9","1","0","1"
"215275","University of Pittsburgh-Greensburg","2012","286","132","154","0","0","0","6","3","3","16","6","10","6","2","4","0","0","0","232","111","121","1","1","0","25","9","16","0","0","0"
"215284","University of Pittsburgh-Johnstown","2012","519","280","239","0","0","0","8","4","4","6","1","5","5","2","3","0","0","0","492","266","226","1","1","0","6","5","1","1","1","0"
"215293","University of Pittsburgh-Pittsburgh Campus","2012","7794","3450","4344","5","3","2","322","146","176","461","166","295","132","54","78","5","3","2","5448","2398","3050","52","13","39","684","325","359","685","342","343"
"215442","Point Park University","2012","965","385","580","3","0","3","8","5","3","159","43","116","24","9","15","1","1","0","720","307","413","32","9","23","1","1","0","17","10","7"
"215655","Robert Morris University","2012","1117","564","553","1","0","1","15","7","8","66","33","33","14","9","5","0","0","0","923","454","469","3","2","1","56","31","25","39","28","11"
"215691","Rosemont College","2012","220","32","188","0","0","0","9","0","9","72","10","62","12","1","11","0","0","0","111","16","95","2","0","2","7","2","5","7","3","4"
"215743","Saint Francis University","2012","712","251","461","3","0","3","16","6","10","20","9","11","5","1","4","0","0","0","639","218","421","0","0","0","26","14","12","3","3","0"
"215770","Saint Joseph's University","2012","2480","1077","1403","4","1","3","69","35","34","235","63","172","96","46","50","2","2","0","1875","833","1042","17","5","12","69","32","37","113","60","53"
"215798","Saint Vincent College","2012","477","246","231","1","1","0","3","1","2","22","16","6","9","5","4","0","0","0","405","208","197","0","0","0","26","9","17","11","6","5"
"215929","University of Scranton","2012","1698","688","1010","6","1","5","31","13","18","47","18","29","56","18","38","14","4","10","1398","561","837","12","2","10","98","47","51","36","24","12"
"215947","Seton Hill University","2012","496","152","344","1","0","1","5","2","3","27","10","17","14","5","9","1","0","1","423","125","298","8","3","5","10","5","5","7","2","5"
"216010","Shippensburg University of Pennsylvania","2012","1800","734","1066","5","3","2","21","12","9","86","41","45","26","12","14","2","0","2","1532","594","938","6","2","4","108","62","46","14","8","6"
"216038","Slippery Rock University of Pennsylvania","2012","2107","852","1255","2","2","0","16","8","8","85","42","43","22","11","11","0","0","0","1827","711","1116","8","6","2","131","64","67","16","8","8"
"216278","Susquehanna University","2012","506","234","272","1","0","1","6","2","4","13","8","5","16","5","11","0","0","0","463","216","247","3","1","2","0","0","0","4","2","2"
"216287","Swarthmore College","2012","369","178","191","1","1","0","51","25","26","26","6","20","41","12","29","0","0","0","169","96","73","13","5","8","41","19","22","27","14","13"
"216339","Temple University","2012","8508","3765","4743","47","20","27","775","358","417","1071","330","741","330","138","192","2","0","2","5046","2345","2701","63","20","43","753","354","399","421","200","221"
"216357","Thiel College","2012","155","78","77","0","0","0","1","0","1","4","2","2","1","1","0","0","0","0","143","72","71","1","0","1","0","0","0","5","3","2"
"216524","Ursinus College","2012","472","209","263","1","1","0","13","3","10","29","9","20","18","13","5","0","0","0","339","150","189","0","0","0","71","32","39","1","1","0"
"216542","Valley Forge Christian College","2012","157","60","97","0","0","0","6","2","4","10","4","6","14","3","11","0","0","0","118","48","70","0","0","0","9","3","6","0","0","0"
"216597","Villanova University","2012","3049","1520","1529","4","2","2","168","72","96","135","58","77","177","93","84","1","0","1","2331","1178","1153","38","18","20","45","22","23","150","77","73"
"216667","Washington & Jefferson College","2012","320","172","148","1","0","1","5","4","1","9","9","0","6","2","4","0","0","0","266","142","124","2","2","0","30","13","17","1","0","1"
"216694","Waynesburg University","2012","666","228","438","0","0","0","3","1","2","10","7","3","4","1","3","1","0","1","633","216","417","2","1","1","13","2","11","0","0","0"
"216764","West Chester University of Pennsylvania","2012","3351","1161","2190","17","8","9","74","28","46","288","80","208","89","22","67","0","0","0","2841","1006","1835","6","3","3","5","2","3","31","12","19"
"216807","Westminster College","2012","354","141","213","0","0","0","1","0","1","1","0","1","0","0","0","3","0","3","300","119","181","0","0","0","49","22","27","0","0","0"
"216852","Widener University-Main Campus","2012","1168","441","727","3","1","2","40","14","26","146","47","99","46","10","36","2","2","0","834","319","515","33","12","21","33","15","18","31","21","10"
"216931","Wilkes University","2012","1805","613","1192","0","0","0","20","2","18","22","8","14","34","11","23","1","0","1","1619","550","1069","14","6","8","66","18","48","29","18","11"
"217013","Wilson College","2012","94","11","83","0","0","0","0","0","0","2","0","2","2","0","2","0","0","0","81","10","71","2","1","1","6","0","6","1","0","1"
"217059","York College Pennsylvania","2012","1012","437","575","0","0","0","18","8","10","25","13","12","21","9","12","0","0","0","866","372","494","5","3","2","72","29","43","5","3","2"
"217156","Brown University","2012","2392","1139","1253","11","3","8","326","127","199","107","46","61","192","74","118","5","3","2","1069","537","532","52","18","34","239","109","130","391","222","169"
"217165","Bryant University","2012","976","570","406","2","0","2","28","15","13","23","13","10","39","20","19","0","0","0","822","480","342","0","0","0","31","20","11","31","22","9"
"217235","Johnson & Wales University-Providence","2012","3070","1247","1823","5","1","4","73","36","37","158","66","92","188","62","126","1","0","1","1300","541","759","12","3","9","867","335","532","466","203","263"
"217305","New England Institute of Technology","2012","1212","923","289","9","6","3","32","24","8","69","47","22","72","56","16","1","0","1","853","645","208","10","10","0","128","104","24","38","31","7"
"217402","Providence College","2012","1156","488","668","1","1","0","14","6","8","22","5","17","33","15","18","0","0","0","888","375","513","14","3","11","162","71","91","22","12","10"
"217420","Rhode Island College","2012","1546","477","1069","5","2","3","34","12","22","88","29","59","100","24","76","2","0","2","1077","334","743","10","0","10","227","75","152","3","1","2"
"217484","University of Rhode Island","2012","3303","1366","1937","9","4","5","81","37","44","119","45","74","147","58","89","3","3","0","2478","1008","1470","4","0","4","383","162","221","79","49","30"
"217518","Roger Williams University","2012","938","443","495","0","0","0","14","7","7","17","9","8","42","19","23","0","0","0","671","311","360","4","1","3","165","82","83","25","14","11"
"217536","Salve Regina University","2012","668","220","448","2","0","2","8","3","5","14","4","10","23","6","17","0","0","0","443","143","300","0","0","0","172","61","111","6","3","3"
"217624","Allen University","2012","79","39","40","0","0","0","0","0","0","77","37","40","1","1","0","0","0","0","1","1","0","0","0","0","0","0","0","0","0","0"
"217633","Anderson University","2012","288","105","183","0","0","0","4","1","3","24","3","21","7","3","4","0","0","0","244","95","149","0","0","0","3","1","2","6","2","4"
"217688","Charleston Southern University","2012","578","211","367","1","0","1","5","4","1","139","44","95","15","2","13","3","1","2","369","148","221","8","1","7","36","11","25","2","0","2"
"217721","Benedict College","2012","382","144","238","0","0","0","0","0","0","376","140","236","2","1","1","0","0","0","1","1","0","0","0","0","3","2","1","0","0","0"
"217776","Southern Wesleyan University","2012","610","204","406","1","1","0","2","1","1","168","35","133","11","7","4","0","0","0","376","138","238","3","1","2","45","17","28","4","4","0"
"217819","College of Charleston","2012","2290","823","1467","8","4","4","29","15","14","105","32","73","61","21","40","5","1","4","1973","704","1269","49","24","25","46","17","29","14","5","9"
"217864","Citadel Military College of South Carolina","2012","782","584","198","4","3","1","11","9","2","46","31","15","31","23","8","0","0","0","665","500","165","14","11","3","0","0","0","11","7","4"
"217873","Claflin University","2012","372","125","247","4","0","4","3","1","2","336","111","225","3","2","1","0","0","0","10","3","7","4","2","2","0","0","0","12","6","6"
"217882","Clemson University","2012","4677","2450","2227","10","5","5","62","35","27","234","99","135","85","40","45","0","0","0","3673","1889","1784","33","15","18","250","140","110","330","227","103"
"217907","Coker College","2012","206","49","157","2","1","1","0","0","0","84","15","69","1","1","0","0","0","0","116","30","86","0","0","0","1","0","1","2","2","0"
"217925","Columbia International University","2012","302","152","150","0","0","0","8","3","5","36","23","13","2","1","1","0","0","0","209","105","104","2","2","0","22","10","12","23","8","15"
"217934","Columbia College","2012","405","27","378","1","0","1","7","1","6","135","7","128","3","0","3","0","0","0","248","19","229","3","0","3","6","0","6","2","0","2"
"217961","Converse College","2012","327","37","290","4","0","4","3","0","3","28","2","26","9","0","9","1","1","0","183","24","159","0","0","0","88","10","78","11","0","11"
"217998","Erskine College","2012","130","65","65","0","0","0","0","0","0","14","5","9","0","0","0","0","0","0","76","40","36","0","0","0","34","15","19","6","5","1"
"218061","Francis Marion University","2012","636","206","430","3","1","2","7","0","7","227","55","172","3","1","2","0","0","0","358","134","224","1","0","1","29","10","19","8","5","3"
"218070","Furman University","2012","746","299","447","1","0","1","11","3","8","50","17","33","19","3","16","1","0","1","621","256","365","7","3","4","24","12","12","12","5","7"
"218229","Lander University","2012","463","140","323","1","1","0","0","0","0","87","24","63","4","2","2","0","0","0","345","101","244","3","0","3","9","2","7","14","10","4"
"218238","Limestone College","2012","719","244","475","1","0","1","4","2","2","399","94","305","7","4","3","0","0","0","288","132","156","0","0","0","11","4","7","9","8","1"
"218399","Morris College","2012","131","48","83","0","0","0","0","0","0","130","48","82","0","0","0","0","0","0","1","0","1","0","0","0","0","0","0","0","0","0"
"218414","Newberry College","2012","204","91","113","0","0","0","0","0","0","44","27","17","6","4","2","0","0","0","144","57","87","4","2","2","0","0","0","6","1","5"
"218441","North Greenville University","2012","442","209","233","1","1","0","1","1","0","32","15","17","8","6","2","0","0","0","349","156","193","0","0","0","41","21","20","10","9","1"
"218539","Presbyterian College","2012","227","116","111","0","0","0","1","0","1","13","8","5","4","1","3","0","0","0","203","103","100","5","4","1","0","0","0","1","0","1"
"218645","University of South Carolina-Aiken","2012","536","166","370","8","3","5","5","0","5","136","30","106","16","7","9","1","1","0","342","110","232","15","7","8","4","1","3","9","7","2"
"218654","University of South Carolina-Beaufort","2012","261","87","174","2","0","2","2","1","1","38","5","33","18","4","14","0","0","0","189","72","117","6","1","5","3","2","1","3","2","1"
"218663","University of South Carolina-Columbia","2012","7065","2973","4092","19","5","14","176","78","98","766","233","533","198","86","112","7","3","4","5360","2294","3066","200","88","112","43","21","22","296","165","131"
"218724","Coastal Carolina University","2012","1569","688","881","10","2","8","8","4","4","187","83","104","46","18","28","3","1","2","1251","555","696","25","7","18","6","3","3","33","15","18"
"218733","South Carolina State University","2012","741","262","479","0","0","0","2","1","1","684","246","438","8","3","5","0","0","0","44","10","34","0","0","0","3","2","1","0","0","0"
"218742","University of South Carolina-Upstate","2012","1106","349","757","4","1","3","22","10","12","213","54","159","49","7","42","0","0","0","766","263","503","23","3","20","8","2","6","21","9","12"
"218919","Voorhees College","2012","92","31","61","0","0","0","0","0","0","89","29","60","1","1","0","0","0","0","0","0","0","0","0","0","0","0","0","2","1","1"
"218964","Winthrop University","2012","1350","441","909","3","0","3","20","7","13","278","76","202","4","0","4","20","8","12","940","314","626","10","4","6","0","0","0","75","32","43"
"218973","Wofford College","2012","314","153","161","1","1","0","4","3","1","17","10","7","3","0","3","0","0","0","271","130","141","7","5","2","6","1","5","5","3","2"
"219000","Augustana College","2012","359","113","246","1","1","0","2","1","1","0","0","0","3","2","1","0","0","0","334","101","233","3","1","2","5","1","4","11","6","5"
"219046","Black Hills State University","2012","571","207","364","14","4","10","3","1","2","0","0","0","14","8","6","1","1","0","512","186","326","19","5","14","1","0","1","7","2","5"
"219082","Dakota State University","2012","350","176","174","1","0","1","6","4","2","2","2","0","6","3","3","1","0","1","300","146","154","7","3","4","3","3","0","24","15","9"
"219091","Dakota Wesleyan University","2012","153","56","97","1","0","1","2","1","1","3","3","0","4","4","0","1","0","1","139","46","93","2","1","1","0","0","0","1","1","0"
"219198","Mount Marty College","2012","206","78","128","5","0","5","0","0","0","3","3","0","9","4","5","2","0","2","187","71","116","0","0","0","0","0","0","0","0","0"
"219204","National American University-Rapid City","2012","372","112","260","18","2","16","15","9","6","42","16","26","23","6","17","0","0","0","255","70","185","5","1","4","14","8","6","0","0","0"
"219213","National American University-Sioux Falls","2012","113","16","97","4","2","2","0","0","0","3","2","1","2","1","1","0","0","0","101","11","90","2","0","2","1","0","1","0","0","0"
"219259","Northern State University","2012","396","143","253","8","2","6","11","5","6","4","2","2","9","2","7","2","0","2","352","128","224","8","2","6","1","1","0","1","1","0"
"219295","Presentation College","2012","138","26","112","5","0","5","0","0","0","3","2","1","3","1","2","0","0","0","120","22","98","1","0","1","6","1","5","0","0","0"
"219356","South Dakota State University","2012","2255","1049","1206","26","10","16","15","5","10","16","12","4","20","7","13","0","0","0","2030","922","1108","30","12","18","10","8","2","108","73","35"
"219383","University of Sioux Falls","2012","407","172","235","0","0","0","1","0","1","8","6","2","7","3","4","0","0","0","384","160","224","0","0","0","7","3","4","0","0","0"
"219471","University of South Dakota","2012","1922","668","1254","24","10","14","26","11","15","26","17","9","30","10","20","2","0","2","1754","590","1164","28","11","17","8","5","3","24","14","10"
"219578","Aquinas College","2012","187","28","159","0","0","0","5","0","5","22","3","19","6","0","6","0","0","0","141","23","118","1","0","1","10","2","8","2","0","2"
"219602","Austin Peay State University","2012","1857","692","1165","13","5","8","27","12","15","280","95","185","103","39","64","13","7","6","1317","496","821","77","28","49","19","7","12","8","3","5"
"219709","Belmont University","2012","1598","603","995","7","6","1","30","12","18","90","25","65","38","12","26","3","0","3","1365","522","843","27","9","18","24","12","12","14","5","9"
"219718","Bethel University","2012","753","306","447","0","0","0","2","1","1","215","59","156","6","3","3","1","1","0","329","167","162","0","0","0","190","69","121","10","6","4"
"219790","Bryan College-Dayton","2012","364","183","181","1","0","1","3","0","3","23","8","15","4","1","3","1","0","1","326","170","156","2","0","2","1","1","0","3","3","0"
"219806","Carson-Newman University","2012","429","152","277","0","0","0","12","2","10","22","15","7","7","2","5","1","1","0","369","122","247","8","5","3","0","0","0","10","5","5"
"219833","Christian Brothers University","2012","454","200","254","2","1","1","21","12","9","122","28","94","9","4","5","0","0","0","232","131","101","0","0","0","57","18","39","11","6","5"
"219949","Cumberland University","2012","417","131","286","0","0","0","9","0","9","58","26","32","5","1","4","0","0","0","299","84","215","0","0","0","27","9","18","19","11","8"
"219976","Lipscomb University","2012","1005","367","638","4","0","4","27","7","20","65","14","51","24","12","12","1","0","1","815","306","509","11","4","7","29","11","18","29","13","16"
"220075","East Tennessee State University","2012","3001","1170","1831","9","4","5","59","23","36","94","36","58","61","24","37","4","2","2","2621","1022","1599","49","18","31","0","0","0","104","41","63"
"220181","Fisk University","2012","75","14","61","0","0","0","1","1","0","52","9","43","3","0","3","1","0","1","4","2","2","3","1","2","11","1","10","0","0","0"
"220206","Welch College","2012","57","32","25","0","0","0","0","0","0","2","1","1","4","1","3","0","0","0","50","29","21","0","0","0","0","0","0","1","1","0"
"220215","Freed-Hardeman University","2012","409","186","223","1","1","0","0","0","0","55","11","44","2","1","1","0","0","0","334","163","171","0","0","0","9","6","3","8","4","4"
"220516","King College","2012","753","244","509","2","1","1","3","2","1","19","8","11","3","0","3","0","0","0","637","196","441","4","2","2","67","26","41","18","9","9"
"220552","South College","2012","234","61","173","0","0","0","6","2","4","11","2","9","0","0","0","1","0","1","212","56","156","4","1","3","0","0","0","0","0","0"
"220598","Lane College","2012","288","117","171","0","0","0","0","0","0","285","116","169","0","0","0","0","0","0","0","0","0","0","0","0","0","0","0","3","1","2"
"220604","Le Moyne-Owen College","2012","129","33","96","0","0","0","0","0","0","129","33","96","0","0","0","0","0","0","0","0","0","0","0","0","0","0","0","0","0","0"
"220613","Lee University","2012","879","354","525","2","1","1","10","6","4","28","14","14","17","8","9","2","1","1","707","270","437","7","4","3","67","35","32","39","15","24"
"220631","Lincoln Memorial University","2012","1409","422","987","0","0","0","13","2","11","28","14","14","5","1","4","0","0","0","550","190","360","0","0","0","796","205","591","17","10","7"
"220701","Martin Methodist College","2012","158","55","103","0","0","0","2","1","1","9","3","6","2","1","1","0","0","0","126","39","87","0","0","0","0","0","0","19","11","8"
"220710","Maryville College","2012","202","88","114","0","0","0","3","0","3","9","7","2","5","4","1","0","0","0","181","76","105","0","0","0","0","0","0","4","1","3"
"220862","University of Memphis","2012","4028","1504","2524","6","3","3","107","49","58","1167","312","855","80","26","54","1","1","0","2413","1006","1407","51","15","36","59","24","35","144","68","76"
"220941","Victory University","2012","122","27","95","0","0","0","0","0","0","81","15","66","2","1","1","1","1","0","16","2","14","0","0","0","22","8","14","0","0","0"
"220978","Middle Tennessee State University","2012","4825","2069","2756","12","3","9","131","59","72","602","221","381","133","56","77","4","4","0","3739","1623","2116","78","37","41","31","12","19","95","54","41"
"221014","Milligan College","2012","306","121","185","0","0","0","3","3","0","14","8","6","4","0","4","0","0","0","278","104","174","4","3","1","0","0","0","3","3","0"
"221351","Rhodes College","2012","404","171","233","3","1","2","20","10","10","27","8","19","13","7","6","0","0","0","303","129","174","4","2","2","22","11","11","12","3","9"
"221519","Sewanee-The University of the South","2012","381","187","194","1","0","1","11","3","8","13","7","6","13","6","7","0","0","0","319","157","162","16","9","7","0","0","0","8","5","3"
"221661","Southern Adventist University","2012","607","231","376","2","1","1","47","17","30","56","17","39","86","34","52","7","3","4","381","146","235","1","1","0","0","0","0","27","12","15"
"221731","Tennessee Wesleyan College","2012","272","79","193","1","0","1","2","0","2","8","5","3","2","2","0","0","0","0","233","60","173","2","0","2","17","8","9","7","4","3"
"221740","The University of Tennessee at Chattanooga","2012","2080","860","1220","9","1","8","39","20","19","246","82","164","23","10","13","0","0","0","1680","706","974","39","17","22","13","5","8","31","19","12"
"221759","The University of Tennessee","2012","7512","3521","3991","27","13","14","224","100","124","504","168","336","139","69","70","0","0","0","5943","2838","3105","39","14","25","351","164","187","285","155","130"
"221768","The University of Tennessee-Martin","2012","1228","523","705","6","5","1","7","1","6","144","49","95","17","5","12","0","0","0","1007","434","573","0","0","0","16","4","12","31","25","6"
"221838","Tennessee State University","2012","1642","536","1106","5","2","3","27","10","17","1025","340","685","24","9","15","3","2","1","492","147","345","47","19","28","1","0","1","18","7","11"
"221847","Tennessee Technological University","2012","2166","1014","1152","8","3","5","16","5","11","64","30","34","40","19","21","3","2","1","1936","882","1054","25","14","11","7","3","4","67","56","11"
"221892","Trevecca Nazarene University","2012","791","285","506","1","0","1","4","1","3","89","22","67","13","7","6","1","1","0","617","230","387","8","2","6","55","22","33","3","0","3"
"221953","Tusculum College","2012","481","157","324","1","1","0","1","1","0","34","20","14","5","3","2","1","0","1","424","120","304","0","0","0","7","5","2","8","7","1"
"221971","Union University","2012","1162","388","774","0","0","0","14","3","11","251","53","198","13","5","8","3","1","2","819","301","518","2","0","2","49","18","31","11","7","4"
"221999","Vanderbilt University","2012","3704","1658","2046","16","6","10","187","94","93","225","78","147","173","72","101","3","2","1","2463","1061","1402","75","29","46","239","125","114","323","191","132"
"222178","Abilene Christian University","2012","1158","470","688","3","0","3","11","4","7","89","39","50","92","34","58","0","0","0","861","349","512","32","18","14","18","2","16","52","24","28"
"222831","Angelo State University","2012","1297","479","818","5","2","3","23","11","12","80","34","46","240","84","156","0","0","0","925","338","587","2","1","1","8","2","6","14","7","7"
"222983","Austin College","2012","293","121","172","3","2","1","47","17","30","3","1","2","40","15","25","0","0","0","189","83","106","8","2","6","1","1","0","2","0","2"
"223232","Baylor University","2012","3504","1458","2046","10","4","6","209","92","117","222","67","155","349","127","222","4","2","2","2451","1053","1398","134","44","90","17","8","9","108","61","47"
"224004","Concordia University-Texas","2012","723","181","542","2","0","2","20","5","15","124","34","90","159","39","120","0","0","0","364","90","274","0","0","0","53","13","40","1","0","1"
"224147","Texas A & M University-Corpus Christi","2012","2026","716","1310","10","2","8","48","21","27","87","26","61","771","249","522","1","0","1","949","340","609","4","1","3","6","1","5","150","76","74"
"224226","Dallas Baptist University","2012","1318","495","823","7","1","6","30","11","19","273","73","200","114","46","68","2","2","0","736","289","447","0","0","0","0","0","0","156","73","83"
"224323","University of Dallas","2012","737","393","344","3","3","0","48","29","19","52","25","27","74","40","34","3","2","1","456","232","224","14","8","6","5","2","3","82","52","30"
"224402","DeVry University-Texas","2012","803","464","339","5","3","2","39","23","16","282","137","145","201","113","88","3","2","1","245","171","74","6","4","2","19","9","10","3","2","1"
"224527","East Texas Baptist University","2012","225","87","138","1","1","0","3","1","2","32","14","18","18","7","11","0","0","0","166","61","105","2","2","0","0","0","0","3","1","2"
"224545","Texas A & M University-Texarkana","2012","496","136","360","6","1","5","2","1","1","79","16","63","24","2","22","0","0","0","361","109","252","5","3","2","13","3","10","6","1","5"
"224554","Texas A & M University-Commerce","2012","2913","1094","1819","37","12","25","80","38","42","370","102","268","586","313","273","0","0","0","1817","619","1198","18","8","10","1","1","0","4","1","3"
"225247","Hardin-Simmons University","2012","519","212","307","9","4","5","8","7","1","21","11","10","38","15","23","1","1","0","403","149","254","0","0","0","32","21","11","7","4","3"
"225399","Houston Baptist University","2012","503","170","333","3","2","1","61","18","43","88","19","69","101","34","67","3","0","3","201","80","121","17","6","11","4","2","2","25","9","16"
"225432","University of Houston-Downtown","2012","2359","783","1576","8","3","5","257","125","132","577","146","431","794","230","564","2","1","1","589","222","367","23","4","19","8","4","4","101","48","53"
"225502","University of Houston-Victoria","2012","1049","355","694","0","0","0","142","58","84","175","51","124","178","62","116","0","0","0","474","150","324","6","3","3","13","3","10","61","28","33"
"225511","University of Houston","2012","8203","3835","4368","24","14","10","1554","767","787","856","305","551","1614","674","940","24","8","16","3063","1513","1550","119","47","72","71","34","37","878","473","405"
"225548","Howard Payne University","2012","223","105","118","1","0","1","2","1","1","9","5","4","28","17","11","0","0","0","171","77","94","11","5","6","0","0","0","1","0","1"
"225575","Huston-Tillotson University","2012","141","70","71","0","0","0","0","0","0","102","44","58","23","15","8","0","0","0","11","7","4","1","1","0","0","0","0","4","3","1"
"225627","University of the Incarnate Word","2012","1586","555","1031","7","2","5","64","20","44","110","43","67","818","252","566","1","1","0","397","162","235","6","4","2","110","44","66","73","27","46"
"225885","Jarvis Christian College","2012","58","28","30","0","0","0","0","0","0","55","26","29","2","2","0","0","0","0","0","0","0","0","0","0","0","0","0","1","0","1"
"226091","Lamar University","2012","3590","1276","2314","9","5","4","76","30","46","574","154","420","307","101","206","0","0","0","1864","642","1222","7","1","6","553","185","368","200","158","42"
"226152","Texas A & M International University","2012","1033","379","654","0","0","0","5","1","4","10","3","7","902","305","597","0","0","0","25","14","11","0","0","0","2","2","0","89","54","35"
"226231","LeTourneau University","2012","772","315","457","0","0","0","6","4","2","134","19","115","54","13","41","1","0","1","501","253","248","1","0","1","71","23","48","4","3","1"
"226383","Lubbock Christian University","2012","469","149","320","6","3","3","6","1","5","16","6","10","78","22","56","2","0","2","356","115","241","0","0","0","0","0","0","5","2","3"
"226471","University of Mary Hardin-Baylor","2012","571","206","365","2","0","2","15","3","12","61","21","40","63","29","34","1","0","1","394","138","256","0","0","0","1","0","1","34","15","19"
"226587","McMurry University","2012","265","123","142","0","0","0","1","0","1","33","19","14","59","23","36","0","0","0","159","74","85","9","4","5","4","3","1","0","0","0"
"226833","Midwestern State University","2012","1349","498","851","11","4","7","45","11","34","148","44","104","119","48","71","0","0","0","879","331","548","10","4","6","15","2","13","122","54","68"
"227216","University of North Texas","2012","9009","3644","5365","45","22","23","348","157","191","1041","359","682","1191","448","743","7","1","6","5561","2290","3271","166","64","102","117","42","75","533","261","272"
"227331","Our Lady of the Lake University-San Antonio","2012","647","161","486","3","1","2","3","0","3","56","8","48","326","83","243","4","0","4","155","47","108","0","0","0","97","21","76","3","1","2"
"227368","The University of Texas-Pan American","2012","3237","1249","1988","3","0","3","20","5","15","14","7","7","2807","1038","1769","2","0","2","158","85","73","11","5","6","107","44","63","115","65","50"
"227377","The University of Texas at Brownsville","2012","2525","901","1624","2","1","1","17","10","7","13","6","7","2228","782","1446","0","0","0","129","53","76","0","0","0","6","3","3","130","46","84"
"227429","Paul Quinn College","2012","24","11","13","0","0","0","0","0","0","23","10","13","0","0","0","0","0","0","0","0","0","0","0","0","0","0","0","1","1","0"
"227526","Prairie View A & M University","2012","1488","513","975","3","1","2","74","29","45","1158","399","759","94","26","68","1","1","0","60","21","39","6","1","5","29","8","21","63","27","36"
"227757","Rice University","2012","1608","932","676","3","1","2","236","123","113","95","45","50","136","79","57","5","4","1","709","439","270","62","32","30","60","30","30","302","179","123"
"227845","Saint Edward's University","2012","1335","488","847","7","5","2","29","9","20","63","20","43","368","134","234","0","0","0","778","282","496","34","11","23","22","8","14","34","19","15"
"227863","University of St Thomas","2012","858","316","542","2","1","1","66","26","40","107","29","78","268","92","176","0","0","0","308","120","188","21","11","10","14","6","8","72","31","41"
"227881","Sam Houston State University","2012","3922","1596","2326","14","5","9","59","27","32","446","150","296","540","184","356","2","1","1","2658","1140","1518","12","3","9","107","39","68","84","47","37"
"228042","Schreiner University","2012","247","84","163","0","0","0","2","0","2","10","5","5","65","21","44","0","0","0","169","58","111","0","0","0","0","0","0","1","0","1"
"228149","St. Mary's University","2012","1030","496","534","3","2","1","33","13","20","27","7","20","480","194","286","3","0","3","349","185","164","1","1","0","44","21","23","90","73","17"
"228246","Southern Methodist University","2012","3317","1711","1606","18","8","10","201","104","97","174","75","99","276","120","156","18","6","12","2227","1138","1089","17","4","13","6","3","3","380","253","127"
"228325","Southwestern Assemblies of God University","2012","542","265","277","3","1","2","11","10","1","34","16","18","86","30","56","3","2","1","390","194","196","0","0","0","6","4","2","9","8","1"
"228343","Southwestern University","2012","279","98","181","2","1","1","9","1","8","9","5","4","42","15","27","0","0","0","214","75","139","0","0","0","3","1","2","0","0","0"
"228431","Stephen F Austin State University","2012","2444","805","1639","13","1","12","24","9","15","421","132","289","208","73","135","2","1","1","1693","563","1130","7","1","6","34","11","23","42","14","28"
"228459","Texas State University-San Marcos","2012","6938","2864","4074","30","14","16","174","67","107","368","135","233","1576","630","946","5","1","4","4443","1864","2579","86","26","60","148","66","82","108","61","47"
"228468","Southwestern Adventist University","2012","153","66","87","0","0","0","13","4","9","29","12","17","53","27","26","4","2","2","43","18","25","2","0","2","2","1","1","7","2","5"
"228486","Southwestern Christian College","2012","40","23","17","0","0","0","0","0","0","30","17","13","0","0","0","0","0","0","0","0","0","0","0","0","0","0","0","10","6","4"
"228501","Sul Ross State University","2012","623","226","397","3","1","2","4","0","4","23","16","7","346","97","249","0","0","0","214","95","119","0","0","0","20","7","13","13","10","3"
"228529","Tarleton State University","2012","2721","1052","1669","20","6","14","38","19","19","289","107","182","8","3","5","3","2","1","2063","782","1281","69","29","40","230","104","126","1","0","1"
"228705","Texas A & M University-Kingsville","2012","2156","956","1200","2","1","1","36","25","11","104","53","51","1267","467","800","0","0","0","491","230","261","9","4","5","58","19","39","189","157","32"
"228714","Texas A & M University-Galveston","2012","320","175","145","7","3","4","2","0","2","7","6","1","35","16","19","1","0","1","257","147","110","7","1","6","1","1","0","3","1","2"
"228723","Texas A & M University-College Station","2012","11698","5987","5711","44","21","23","469","245","224","308","146","162","1479","703","776","11","5","6","8037","4005","4032","184","94","90","21","13","8","1145","755","390"
"228769","The University of Texas at Arlington","2012","9165","3474","5691","32","13","19","687","322","365","1147","307","840","1342","451","891","17","6","11","4414","1606","2808","150","56","94","367","98","269","1009","615","394"
"228778","The University of Texas at Austin","2012","12648","6179","6469","47","20","27","1877","964","913","505","184","321","1937","880","1057","2","0","2","6851","3282","3569","78","26","52","142","81","61","1209","742","467"
"228787","The University of Texas at Dallas","2012","4917","2636","2281","16","13","3","772","399","373","239","116","123","436","209","227","1","1","0","2020","1096","924","60","30","30","191","109","82","1182","663","519"
"228796","The University of Texas at El Paso","2012","4232","1763","2469","7","3","4","69","35","34","118","61","57","3118","1199","1919","5","3","2","494","227","267","7","0","7","29","13","16","385","222","163"
"228802","The University of Texas at Tyler","2012","1638","635","1003","11","2","9","26","11","15","139","41","98","111","44","67","1","0","1","1222","475","747","12","0","12","44","16","28","72","46","26"
"228875","Texas Christian University","2012","2243","910","1333","13","5","8","61","28","33","112","58","54","190","69","121","4","0","4","1624","622","1002","7","3","4","105","60","45","127","65","62"
"228884","Texas College","2012","107","51","56","0","0","0","0","0","0","88","37","51","14","9","5","0","0","0","5","5","0","0","0","0","0","0","0","0","0","0"
"228981","Texas Lutheran University","2012","262","128","134","1","1","0","0","0","0","20","9","11","58","29","29","0","0","0","173","83","90","1","1","0","3","3","0","6","2","4"
"229018","The University of Texas of the Permian Basin","2012","567","205","362","6","2","4","7","3","4","24","13","11","236","77","159","0","0","0","277","102","175","11","5","6","3","2","1","3","1","2"
"229027","The University of Texas at San Antonio","2012","5379","2442","2937","13","6","7","222","113","109","352","131","221","2319","984","1335","8","2","6","1887","890","997","86","42","44","231","131","100","261","143","118"
"229063","Texas Southern University","2012","1391","566","825","3","1","2","108","54","54","1060","388","672","96","44","52","0","0","0","59","36","23","0","0","0","2","1","1","63","42","21"
"229115","Texas Tech University","2012","6682","3583","3099","41","21","20","156","96","60","216","111","105","878","453","425","3","3","0","4657","2459","2198","68","32","36","72","32","40","591","376","215"
"229160","Texas Wesleyan University","2012","774","289","485","9","3","6","27","13","14","83","23","60","126","37","89","1","0","1","451","193","258","4","0","4","58","14","44","15","6","9"
"229179","Texas Woman's University","2012","3714","393","3321","26","3","23","289","46","243","678","55","623","583","66","517","0","0","0","1986","201","1785","32","4","28","36","4","32","84","14","70"
"229267","Trinity University","2012","664","289","375","6","2","4","43","15","28","21","8","13","66","20","46","0","0","0","437","196","241","4","1","3","50","26","24","37","21","16"
"229780","Wayland Baptist University","2012","2148","1116","1032","21","11","10","52","29","23","393","208","185","443","214","229","15","6","9","1058","558","500","41","28","13","120","60","60","5","2","3"
"229814","West Texas A & M University","2012","1613","647","966","13","4","9","24","10","14","44","27","17","264","101","163","1","0","1","1187","467","720","5","2","3","18","5","13","57","31","26"
"229887","Wiley College","2012","177","45","132","0","0","0","0","0","0","167","41","126","3","0","3","0","0","0","1","0","1","0","0","0","0","0","0","6","4","2"
"230038","Brigham Young University-Provo","2012","8196","4140","4056","33","13","20","147","76","71","23","13","10","336","173","163","48","25","23","6864","3459","3405","204","102","102","111","54","57","430","225","205"
"230047","Brigham Young University-Hawaii","2012","600","260","340","2","2","0","22","10","12","3","2","1","26","11","15","86","38","48","206","84","122","46","16","30","1","0","1","208","97","111"
"230171","Dixie State College of Utah","2012","1943","813","1130","19","7","12","28","11","17","14","8","6","88","39","49","21","8","13","1700","714","986","16","5","11","46","17","29","11","4","7"
"230603","Southern Utah University","2012","1534","650","884","23","15","8","16","6","10","18","10","8","52","21","31","14","11","3","1377","572","805","3","1","2","21","12","9","10","2","8"
"230621","Stevens-Henager College-Ogden","2012","261","70","191","1","0","1","1","0","1","7","2","5","11","2","9","1","0","1","239","65","174","0","0","0","1","1","0","0","0","0"
"230630","Stevens-Henager College of Business-Provo","2012","222","85","137","3","0","3","2","1","1","0","0","0","18","4","14","4","1","3","193","79","114","1","0","1","1","0","1","0","0","0"
"230728","Utah State University","2012","5209","2437","2772","69","19","50","68","30","38","43","23","20","221","76","145","13","8","5","4182","1964","2218","26","8","18","359","163","196","228","146","82"
"230737","Utah Valley University","2012","4384","2405","1979","21","10","11","48","22","26","23","17","6","261","150","111","24","19","5","3804","2072","1732","73","40","33","62","42","20","68","33","35"
"230764","University of Utah","2012","7131","3852","3279","28","10","18","285","118","167","68","35","33","374","177","197","27","19","8","5549","3033","2516","96","47","49","311","174","137","393","239","154"
"230782","Weber State University","2012","4407","2000","2407","20","11","9","90","36","54","40","20","20","146","62","84","4","2","2","3397","1534","1863","21","10","11","657","310","347","32","15","17"
"230807","Westminster College","2012","1039","497","542","8","1","7","66","24","42","16","8","8","72","32","40","2","0","2","778","385","393","7","3","4","59","30","29","31","14","17"
"230816","Bennington College","2012","219","65","154","1","1","0","8","1","7","3","0","3","6","0","6","0","0","0","185","56","129","0","0","0","7","4","3","9","3","6"
"230825","Burlington College","2012","45","25","20","0","0","0","0","0","0","1","0","1","1","1","0","0","0","0","36","20","16","0","0","0","7","4","3","0","0","0"
"230834","Castleton State College","2012","455","180","275","4","1","3","3","1","2","6","5","1","6","1","5","0","0","0","416","164","252","1","0","1","14","5","9","5","3","2"
"230852","Champlain College","2012","716","357","359","2","0","2","14","8","6","17","7","10","10","7","3","2","1","1","443","208","235","4","2","2","222","122","100","2","2","0"
"230889","Goddard College","2012","318","93","225","2","1","1","6","2","4","12","2","10","22","8","14","0","0","0","213","64","149","1","0","1","61","16","45","1","0","1"
"230898","Green Mountain College","2012","201","85","116","0","0","0","1","1","0","2","1","1","3","1","2","0","0","0","147","64","83","2","1","1","45","16","29","1","1","0"
"230913","Johnson State College","2012","400","152","248","2","0","2","2","0","2","6","4","2","7","3","4","0","0","0","354","128","226","0","0","0","29","17","12","0","0","0"
"230931","Lyndon State College","2012","220","106","114","5","3","2","4","2","2","2","2","0","3","0","3","0","0","0","199","95","104","3","1","2","2","2","0","2","1","1"
"230940","Marlboro College","2012","70","36","34","0","0","0","1","0","1","0","0","0","1","0","1","0","0","0","47","26","21","1","1","0","20","9","11","0","0","0"
"230959","Middlebury College","2012","907","392","515","3","0","3","39","15","24","21","6","15","62","25","37","1","1","0","535","255","280","29","9","20","113","41","72","104","40","64"
"230995","Norwich University","2012","1099","736","363","4","4","0","25","17","8","36","21","15","45","29","16","0","0","0","639","435","204","30","15","15","307","206","101","13","9","4"
"231059","Saint Michael's College","2012","593","248","345","1","0","1","5","2","3","4","3","1","9","4","5","0","0","0","547","225","322","0","0","0","6","2","4","21","12","9"
"231077","College of St Joseph","2012","103","24","79","3","2","1","0","0","0","0","0","0","1","1","0","0","0","0","99","21","78","0","0","0","0","0","0","0","0","0"
"231086","Southern Vermont College","2012","123","32","91","0","0","0","1","0","1","7","1","6","4","0","4","0","0","0","107","29","78","0","0","0","0","0","0","4","2","2"
"231095","Sterling College","2012","29","16","13","0","0","0","0","0","0","0","0","0","0","0","0","0","0","0","21","11","10","0","0","0","8","5","3","0","0","0"
"231165","Vermont Technical College","2012","614","245","369","6","3","3","6","3","3","3","2","1","8","2","6","0","0","0","581","232","349","6","2","4","0","0","0","4","1","3"
"231174","University of Vermont","2012","3121","1274","1847","15","7","8","82","37","45","34","18","16","90","43","47","1","0","1","2720","1090","1630","49","19","30","71","28","43","59","32","27"
"231420","Averett University","2012","154","62","92","3","2","1","3","3","0","30","11","19","3","3","0","0","0","0","106","40","66","0","0","0","1","0","1","8","3","5"
"231554","Bluefield College","2012","208","80","128","1","1","0","4","2","2","49","14","35","5","1","4","0","0","0","135","57","78","0","0","0","13","4","9","1","1","0"
"231581","Bridgewater College","2012","363","152","211","1","1","0","2","1","1","28","20","8","6","2","4","0","0","0","281","108","173","3","1","2","40","18","22","2","1","1"
"231624","College of William and Mary","2012","2298","1007","1291","9","1","8","156","75","81","136","45","91","114","40","74","2","2","0","1339","592","747","29","8","21","372","176","196","141","68","73"
"231651","Regent University","2012","1195","475","720","7","6","1","14","8","6","254","70","184","64","19","45","3","1","2","750","326","424","34","11","23","58","32","26","11","2","9"
"231712","Christopher Newport University","2012","1145","459","686","2","1","1","20","10","10","79","35","44","44","15","29","3","2","1","937","371","566","51","20","31","4","2","2","5","3","2"
"231785","Bryant & Stratton College-Virginia Beach","2012","164","26","138","0","0","0","2","0","2","116","17","99","9","1","8","2","1","1","33","6","27","2","1","1","0","0","0","0","0","0"
"231828","Bryant & Stratton College-Richmond","2012","240","32","208","0","0","0","3","2","1","171","25","146","5","1","4","0","0","0","58","3","55","2","1","1","1","0","1","0","0","0"
"232025","Emory & Henry College","2012","140","62","78","0","0","0","0","0","0","10","4","6","2","2","0","0","0","0","125","54","71","0","0","0","3","2","1","0","0","0"
"232043","Eastern Mennonite University","2012","428","144","284","1","0","1","3","1","2","10","5","5","17","4","13","0","0","0","364","116","248","3","3","0","15","8","7","15","7","8"
"232089","Ferrum College","2012","180","71","109","1","0","1","1","0","1","33","12","21","4","1","3","0","0","0","115","45","70","4","0","4","22","13","9","0","0","0"
"232186","George Mason University","2012","8512","3554","4958","15","8","7","1045","487","558","618","216","402","616","232","384","14","7","7","3979","1670","2309","205","75","130","1530","610","920","490","249","241"
"232256","Hampden-Sydney College","2012","226","226","0","0","0","0","4","4","0","11","11","0","5","5","0","0","0","0","191","191","0","1","1","0","8","8","0","6","6","0"
"232265","Hampton University","2012","1054","313","741","5","2","3","14","4","10","949","280","669","12","5","7","0","0","0","57","13","44","0","0","0","0","0","0","17","9","8"
"232308","Hollins University","2012","305","25","280","1","0","1","4","1","3","26","4","22","10","0","10","1","0","1","234","17","217","4","0","4","9","1","8","16","2","14"
"232423","James Madison University","2012","4821","1871","2950","13","5","8","207","86","121","166","62","104","129","51","78","21","7","14","3890","1501","2389","39","14","25","298","121","177","58","24","34"
"232557","Liberty University","2012","12773","5881","6892","52","31","21","165","95","70","2079","717","1362","500","238","262","22","12","10","8060","3906","4154","180","74","106","1449","653","796","266","155","111"
"232566","Longwood University","2012","1018","287","731","6","0","6","12","8","4","56","18","38","20","9","11","3","1","2","877","238","639","19","7","12","23","6","17","2","0","2"
"232609","Lynchburg College","2012","619","239","380","3","1","2","5","2","3","49","15","34","11","5","6","0","0","0","479","186","293","4","2","2","64","28","36","4","0","4"
"232672","Mary Baldwin College","2012","393","38","355","0","0","0","10","0","10","47","1","46","10","0","10","0","0","0","274","24","250","1","0","1","48","13","35","3","0","3"
"232681","University of Mary Washington","2012","1220","438","782","5","1","4","52","11","41","69","23","46","61","26","35","0","0","0","812","295","517","8","3","5","206","79","127","7","0","7"
"232706","Marymount University","2012","1059","220","839","0","0","0","63","13","50","144","26","118","101","19","82","2","0","2","515","100","415","17","4","13","137","23","114","80","35","45"
"232937","Norfolk State University","2012","1156","323","833","2","0","2","17","5","12","891","251","640","14","3","11","0","0","0","51","16","35","0","0","0","166","36","130","15","12","3"
"232982","Old Dominion University","2012","5020","2001","3019","14","4","10","168","75","93","866","258","608","203","81","122","39","17","22","3043","1231","1812","148","52","96","324","148","176","215","135","80"
"233277","Radford University","2012","2272","834","1438","4","3","1","42","18","24","126","39","87","67","29","38","1","1","0","1956","716","1240","0","0","0","57","22","35","19","6","13"
"233295","Randolph-Macon College","2012","242","96","146","1","0","1","3","0","3","27","11","16","10","6","4","0","0","0","191","74","117","0","0","0","2","1","1","8","4","4"
"233301","Randolph College","2012","92","25","67","2","1","1","1","0","1","9","4","5","2","1","1","0","0","0","66","14","52","2","0","2","0","0","0","10","5","5"
"233374","University of Richmond","2012","1123","479","644","6","3","3","37","11","26","96","34","62","35","14","21","0","0","0","793","339","454","2","1","1","101","46","55","53","31","22"
"233426","Roanoke College","2012","438","198","240","2","0","2","1","0","1","18","8","10","17","9","8","1","1","0","379","165","214","2","1","1","6","6","0","12","8","4"
"233499","Saint Pauls College","2012","68","26","42","0","0","0","0","0","0","61","23","38","0","0","0","0","0","0","7","3","4","0","0","0","0","0","0","0","0","0"
"233541","Shenandoah University","2012","1064","333","731","5","0","5","56","25","31","87","25","62","28","9","19","0","0","0","676","202","474","1","0","1","143","46","97","68","26","42"
"233611","Southern Virginia University","2012","126","49","77","2","0","2","0","0","0","3","2","1","5","2","3","1","0","1","111","43","68","1","0","1","1","1","0","2","1","1"
"233718","Sweet Briar College","2012","165","0","165","1","0","1","1","0","1","4","0","4","10","0","10","0","0","0","143","0","143","0","0","0","2","0","2","4","0","4"
"233897","The University of Virginia's College at Wise","2012","279","127","152","1","1","0","6","4","2","32","19","13","9","5","4","0","0","0","221","93","128","0","0","0","10","5","5","0","0","0"
"233912","Virginia Intermont College","2012","112","32","80","0","0","0","2","0","2","7","3","4","1","0","1","0","0","0","97","26","71","0","0","0","5","3","2","0","0","0"
"233921","Virginia Polytechnic Institute and State University","2012","7715","4212","3503","18","10","8","519","277","242","276","143","133","219","102","117","2","0","2","5674","3023","2651","57","29","28","367","238","129","583","390","193"
"234030","Virginia Commonwealth University","2012","7012","2840","4172","25","15","10","678","319","359","1056","303","753","297","111","186","15","5","10","4267","1771","2496","176","65","111","137","56","81","361","195","166"
"234076","University of Virginia-Main Campus","2012","6352","2964","3388","13","6","7","603","287","316","436","160","276","274","138","136","9","2","7","3881","1777","2104","70","36","34","507","254","253","559","304","255"
"234085","Virginia Military Institute","2012","305","282","23","1","1","0","14","11","3","24","24","0","15","13","2","0","0","0","240","223","17","0","0","0","2","2","0","9","8","1"
"234155","Virginia State University","2012","1002","339","663","3","0","3","6","3","3","902","299","603","8","1","7","0","0","0","16","5","11","0","0","0","56","26","30","11","5","6"
"234164","Virginia Union University","2012","268","130","138","0","0","0","0","0","0","256","120","136","1","0","1","0","0","0","3","3","0","0","0","0","3","2","1","5","5","0"
"234173","Virginia Wesleyan College","2012","289","105","184","0","0","0","3","0","3","55","19","36","8","4","4","1","0","1","215","81","134","3","0","3","4","1","3","0","0","0"
"234207","Washington and Lee University","2012","538","275","263","0","0","0","16","5","11","21","5","16","15","5","10","0","0","0","466","247","219","3","2","1","5","4","1","12","7","5"
"234216","Sanford-Brown College-Tysons Corner","2012","426","113","313","2","0","2","4","1","3","93","24","69","32","7","25","1","0","1","17","3","14","4","2","2","273","76","197","0","0","0"
"234827","Central Washington University","2012","2752","1290","1462","19","12","7","137","78","59","53","30","23","180","68","112","8","2","6","1965","918","1047","119","57","62","153","71","82","118","54","64"
"234915","City University of Seattle","2012","1125","397","728","13","4","9","41","16","25","61","25","36","27","9","18","8","3","5","560","182","378","10","2","8","340","131","209","65","25","40"
"235097","Eastern Washington University","2012","2579","1060","1519","41","13","28","82","28","54","63","28","35","197","99","98","8","6","2","1778","719","1059","49","17","32","259","99","160","102","51","51"
"235167","The Evergreen State College","2012","1370","562","808","43","16","27","35","15","20","68","20","48","77","30","47","4","2","2","962","402","560","48","21","27","122","53","69","11","3","8"
"235316","Gonzaga University","2012","2107","938","1169","16","5","11","54","23","31","43","9","34","86","44","42","24","11","13","1455","675","780","9","3","6","237","97","140","183","71","112"
"235422","Heritage University","2012","287","70","217","7","3","4","8","0","8","3","1","2","91","22","69","0","0","0","154","39","115","0","0","0","24","5","19","0","0","0"
"235769","Trinity Lutheran College","2012","49","24","25","1","0","1","2","0","2","0","0","0","8","7","1","0","0","0","33","12","21","0","0","0","0","0","0","5","5","0"
"236133","Northwest University","2012","332","106","226","0","0","0","15","5","10","17","9","8","18","3","15","2","0","2","257","83","174","9","4","5","8","1","7","6","1","5"
"236230","Pacific Lutheran University","2012","819","278","541","6","4","2","37","6","31","19","8","11","34","11","23","3","2","1","623","199","424","46","22","24","8","4","4","43","22","21"
"236328","University of Puget Sound","2012","725","296","429","10","4","6","66","22","44","16","6","10","23","13","10","6","2","4","528","220","308","1","0","1","73","29","44","2","0","2"
"236452","Saint Martin's University","2012","380","174","206","6","2","4","22","11","11","29","16","13","35","13","22","12","5","7","226","108","118","21","6","15","8","5","3","21","8","13"
"236577","Seattle Pacific University","2012","1098","347","751","5","2","3","69","28","41","24","8","16","33","9","24","0","0","0","820","243","577","50","17","33","80","34","46","17","6","11"
"236595","Seattle University","2012","2404","981","1423","23","9","14","315","128","187","110","37","73","125","42","83","26","13","13","1339","535","804","28","9","19","247","105","142","191","103","88"
"236896","Walla Walla University","2012","422","177","245","11","4","7","18","8","10","10","3","7","36","14","22","2","1","1","319","137","182","0","0","0","18","4","14","8","6","2"
"236939","Washington State University","2012","6639","2927","3712","65","25","40","356","162","194","142","69","73","371","152","219","16","5","11","4674","2042","2632","118","47","71","482","203","279","415","222","193"
"236948","University of Washington-Seattle Campus","2012","11281","5192","6089","102","40","62","2299","993","1306","345","152","193","580","240","340","49","21","28","6292","2945","3347","55","30","25","593","298","295","966","473","493"
"237011","Western Washington University","2012","3622","1489","2133","43","17","26","180","87","93","54","20","34","195","72","123","5","3","2","2826","1150","1676","157","68","89","118","53","65","44","19","25"
"237057","Whitman College","2012","417","167","250","0","0","0","36","14","22","8","4","4","27","14","13","0","0","0","285","112","173","13","3","10","40","17","23","8","3","5"
"237066","Whitworth University","2012","617","260","357","2","0","2","11","6","5","7","2","5","21","7","14","2","0","2","528","219","309","11","6","5","23","13","10","12","7","5"
"237118","Alderson Broaddus College","2012","149","48","101","2","1","1","8","3","5","3","2","1","3","2","1","0","0","0","128","38","90","0","0","0","1","0","1","4","2","2"
"237181","Bethany College","2012","134","47","87","0","0","0","1","0","1","6","2","4","3","1","2","0","0","0","115","40","75","0","0","0","9","4","5","0","0","0"
"237215","Bluefield State College","2012","312","132","180","1","1","0","0","0","0","32","14","18","2","1","1","0","0","0","252","95","157","1","0","1","0","0","0","24","21","3"
"237312","University of Charleston","2012","293","124","169","0","0","0","9","3","6","14","6","8","6","1","5","0","0","0","159","59","100","2","0","2","57","35","22","46","20","26"
"237330","Concord University","2012","438","162","276","0","0","0","9","3","6","24","11","13","4","4","0","0","0","0","401","144","257","0","0","0","0","0","0","0","0","0"
"237358","Davis & Elkins College","2012","126","49","77","0","0","0","0","0","0","6","2","4","1","1","0","0","0","0","101","36","65","0","0","0","11","6","5","7","4","3"
"237367","Fairmont State University","2012","789","341","448","1","0","1","2","2","0","22","14","8","8","4","4","1","1","0","728","307","421","10","3","7","6","4","2","11","6","5"
"237385","Glenville State College","2012","209","115","94","0","0","0","2","1","1","23","22","1","2","2","0","0","0","0","174","86","88","2","0","2","6","4","2","0","0","0"
"237525","Marshall University","2012","2671","1047","1624","11","6","5","47","17","30","126","59","67","23","9","14","0","0","0","2203","815","1388","12","4","8","126","67","59","123","70","53"
"237640","Ohio Valley University","2012","103","40","63","0","0","0","0","0","0","5","3","2","5","3","2","0","0","0","85","31","54","0","0","0","1","0","1","7","3","4"
"237686","West Virginia University at Parkersburg","2012","610","269","341","2","1","1","4","1","3","6","5","1","0","0","0","0","0","0","591","260","331","5","1","4","2","1","1","0","0","0"
"237783","Salem International University","2012","288","134","154","0","0","0","2","1","1","52","22","30","10","5","5","1","0","1","159","73","86","0","0","0","58","28","30","6","5","1"
"237792","Shepherd University","2012","715","277","438","3","1","2","10","2","8","31","12","19","21","9","12","0","0","0","596","230","366","8","5","3","42","15","27","4","3","1"
"237899","West Virginia State University","2012","422","170","252","2","1","1","3","1","2","61","30","31","3","1","2","0","0","0","319","120","199","0","0","0","30","16","14","4","1","3"
"237932","West Liberty University","2012","444","170","274","0","0","0","4","2","2","13","9","4","3","2","1","0","0","0","420","156","264","1","0","1","3","1","2","0","0","0"
"237950","West Virginia University Institute of Technology","2012","159","106","53","0","0","0","1","1","0","12","9","3","5","4","1","0","0","0","130","86","44","2","1","1","4","1","3","5","4","1"
"237969","West Virginia Wesleyan College","2012","321","132","189","3","1","2","2","0","2","15","8","7","10","4","6","0","0","0","258","101","157","1","1","0","5","2","3","27","15","12"
"238032","West Virginia University","2012","6272","3042","3230","14","8","6","92","46","46","178","85","93","119","70","49","6","3","3","5324","2516","2808","101","49","52","94","56","38","344","209","135"
"238078","Wheeling Jesuit University","2012","296","113","183","0","0","0","6","4","2","7","5","2","3","1","2","0","0","0","253","92","161","0","0","0","26","10","16","1","1","0"
"238193","Alverno College","2012","545","22","523","4","0","4","22","0","22","60","0","60","46","2","44","0","0","0","403","20","383","6","0","6","0","0","0","4","0","4"
"238333","Beloit College","2012","310","140","170","1","1","0","4","1","3","13","7","6","21","9","12","0","0","0","233","107","126","6","1","5","10","6","4","22","8","14"
"238430","Cardinal Stritch University","2012","1385","445","940","5","1","4","25","9","16","255","58","197","57","20","37","1","0","1","918","321","597","4","1","3","88","21","67","32","14","18"
"238458","Carroll University","2012","639","211","428","1","1","0","10","5","5","8","3","5","31","14","17","2","1","1","574","184","390","10","2","8","0","0","0","3","1","2"
"238476","Carthage College","2012","581","271","310","3","1","2","11","4","7","13","10","3","29","13","16","0","0","0","488","226","262","0","0","0","37","17","20","0","0","0"
"238616","Concordia University-Wisconsin","2012","1591","484","1107","9","2","7","20","7","13","119","23","96","23","6","17","0","0","0","924","259","665","11","4","7","302","72","230","183","111","72"
"238661","Edgewood College","2012","585","184","401","2","1","1","9","5","4","17","7","10","15","8","7","2","0","2","507","153","354","11","5","6","14","3","11","8","2","6"
"238980","Lakeland College","2012","873","305","568","14","4","10","22","10","12","35","15","20","22","9","13","0","0","0","706","233","473","0","0","0","20","9","11","54","25","29"
"239017","Lawrence University","2012","340","136","204","4","2","2","5","1","4","12","4","8","13","9","4","1","1","0","266","102","164","8","4","4","4","1","3","27","12","15"
"239071","Maranatha Baptist Bible College","2012","170","77","93","0","0","0","1","1","0","0","0","0","0","0","0","0","0","0","150","65","85","6","4","2","12","6","6","1","1","0"
"239080","Marian University","2012","712","180","532","5","0","5","8","3","5","16","5","11","17","6","11","0","0","0","657","162","495","0","0","0","4","1","3","5","3","2"
"239105","Marquette University","2012","2851","1309","1542","10","7","3","88","33","55","100","39","61","133","47","86","9","3","6","2279","1060","1219","28","12","16","52","30","22","152","78","74"
"239318","Milwaukee School of Engineering","2012","519","421","98","1","1","0","11","10","1","11","6","5","12","9","3","0","0","0","419","341","78","3","3","0","19","18","1","43","33","10"
"239390","Mount Mary College","2012","448","18","430","1","0","1","11","0","11","54","2","52","27","1","26","1","0","1","327","14","313","15","1","14","8","0","8","4","0","4"
"239503","Northland International University","2012","111","50","61","0","0","0","2","0","2","0","0","0","1","1","0","1","0","1","106","48","58","0","0","0","1","1","0","0","0","0"
"239512","Northland College","2012","97","42","55","3","1","2","0","0","0","0","0","0","1","0","1","1","0","1","79","35","44","2","0","2","7","2","5","4","4","0"
"239628","Ripon College","2012","206","94","112","3","1","2","4","2","2","0","0","0","8","4","4","0","0","0","179","82","97","2","0","2","4","2","2","6","3","3"
"239716","Saint Norbert College","2012","444","173","271","1","0","1","2","1","1","3","1","2","9","3","6","0","0","0","397","153","244","5","2","3","2","0","2","25","13","12"
"239743","Silver Lake College of the Holy Family","2012","164","49","115","3","0","3","1","0","1","1","1","0","3","1","2","0","0","0","86","26","60","0","0","0","70","21","49","0","0","0"
"240107","Viterbo University","2012","1007","237","770","1","0","1","9","1","8","12","7","5","16","8","8","1","1","0","945","214","731","5","1","4","4","0","4","14","5","9"
"240189","University of Wisconsin-Whitewater","2012","2417","1175","1242","7","5","2","34","20","14","105","58","47","65","26","39","4","3","1","2118","1014","1104","6","2","4","33","16","17","45","31","14"
"240268","University of Wisconsin-Eau Claire","2012","2300","875","1425","10","6","4","52","22","30","10","4","6","26","13","13","1","0","1","2123","801","1322","5","2","3","34","11","23","39","16","23"
"240277","University of Wisconsin-Green Bay","2012","1243","426","817","24","7","17","38","18","20","12","9","3","28","14","14","2","0","2","1097","362","735","11","2","9","19","7","12","12","7","5"
"240329","University of Wisconsin-La Crosse","2012","1975","764","1211","10","6","4","51","16","35","12","10","2","33","11","22","0","0","0","1750","662","1088","17","7","10","24","9","15","78","43","35"
"240338","Wisconsin Lutheran College","2012","193","81","112","1","1","0","1","1","0","2","1","1","8","5","3","0","0","0","167","67","100","0","0","0","2","1","1","12","5","7"
"240365","University of Wisconsin-Oshkosh","2012","2172","868","1304","15","6","9","56","21","35","17","8","9","45","17","28","0","0","0","1986","789","1197","7","3","4","19","7","12","27","17","10"
"240374","University of Wisconsin-Parkside","2012","720","345","375","1","1","0","19","11","8","52","18","34","48","24","24","3","2","1","563","273","290","8","4","4","7","3","4","19","9","10"
"240392","Herzing University-Madison","2012","1098","242","856","7","1","6","13","8","5","167","21","146","43","11","32","3","1","2","487","147","340","44","9","35","333","43","290","1","1","0"
"240417","University of Wisconsin-Stout","2012","1844","870","974","7","2","5","44","18","26","10","8","2","29","13","16","1","1","0","1651","775","876","20","7","13","45","28","17","37","18","19"
"240426","University of Wisconsin-Superior","2012","573","229","344","11","5","6","4","2","2","3","1","2","5","1","4","0","0","0","507","205","302","7","0","7","6","3","3","30","12","18"
"240444","University of Wisconsin-Madison","2012","9915","4752","5163","40","17","23","465","219","246","226","94","132","320","143","177","6","5","1","7355","3498","3857","95","29","66","344","164","180","1064","583","481"
"240453","University of Wisconsin-Milwaukee","2012","5758","2650","3108","18","7","11","245","106","139","254","89","165","242","100","142","2","1","1","4713","2199","2514","77","33","44","12","7","5","195","108","87"
"240462","University of Wisconsin-Platteville","2012","1396","819","577","5","3","2","13","10","3","26","13","13","22","11","11","1","0","1","1258","751","507","4","1","3","15","8","7","52","22","30"
"240471","University of Wisconsin-River Falls","2012","1440","574","866","4","2","2","17","7","10","20","13","7","15","6","9","0","0","0","1335","524","811","6","2","4","20","13","7","23","7","16"
"240480","University of Wisconsin-Stevens Point","2012","2008","914","1094","12","7","5","41","17","24","12","8","4","23","11","12","0","0","0","1845","830","1015","10","4","6","32","20","12","33","17","16"
"240727","University of Wyoming","2012","2734","1176","1558","20","10","10","32","9","23","19","10","9","96","35","61","4","2","2","2156","916","1240","45","18","27","203","83","120","159","93","66"
"243744","Stanford University","2012","4770","2790","1980","14","7","7","687","369","318","196","107","89","437","232","205","11","6","5","1926","1113","813","312","156","156","43","31","12","1144","769","375"
"243780","Purdue University-Main Campus","2012","9884","5723","4161","48","19","29","472","283","189","308","157","151","260","147","113","2","1","1","6968","3964","3004","46","24","22","173","100","73","1607","1028","579"
"244011","ITT Technical Institute-Sylmar","2012","387","283","104","0","0","0","7","6","1","16","13","3","180","119","61","0","0","0","55","44","11","0","0","0","129","101","28","0","0","0"
"244233","City College-Fort Lauderdale","2012","280","94","186","5","4","1","3","1","2","159","46","113","72","31","41","0","0","0","36","12","24","5","0","5","0","0","0","0","0","0"
"245652","St John's College","2012","126","72","54","0","0","0","3","1","2","0","0","0","6","1","5","0","0","0","102","63","39","3","2","1","9","3","6","3","2","1"
"245883","Antioch University-Seattle","2012","284","66","218","9","1","8","7","1","6","16","4","12","0","0","0","0","0","0","204","43","161","0","0","0","47","16","31","1","1","0"
"245953","Mid-America Christian University","2012","324","127","197","9","3","6","2","2","0","61","27","34","15","7","8","0","0","0","223","83","140","2","0","2","10","4","6","2","1","1"
"247700","National American University-Independence","2012","68","12","56","0","0","0","0","0","0","8","3","5","2","0","2","1","1","0","54","7","47","2","1","1","1","0","1","0","0","0"
"251312","South University-Columbia","2012","251","55","196","15","2","13","4","2","2","164","35","129","1","0","1","0","0","0","49","15","34","14","1","13","4","0","4","0","0","0"
"260293","Everest University-Brandon","2012","1497","281","1216","11","3","8","12","1","11","490","94","396","125","22","103","2","0","2","681","130","551","15","4","11","160","27","133","1","0","1"
"260789","Platt College-Los Angeles","2012","174","64","110","0","0","0","12","6","6","9","1","8","142","51","91","2","1","1","2","1","1","5","3","2","2","1","1","0","0","0"
"260813","Platt College-Aurora","2012","49","6","43","0","0","0","0","0","0","0","0","0","1","0","1","0","0","0","42","5","37","0","0","0","6","1","5","0","0","0"
"260901","Kaplan University-Davenport Campus","2012","14172","3717","10455","23","8","15","67","22","45","878","200","678","266","89","177","14","6","8","1655","484","1171","41","10","31","11192","2884","8308","36","14","22"
"260910","Kaplan University-Cedar Falls Campus","2012","239","47","192","1","0","1","2","0","2","24","6","18","5","1","4","1","0","1","202","39","163","0","0","0","4","1","3","0","0","0"
"261931","Skyline College-Roanoke","2012","104","40","64","0","0","0","1","0","1","21","8","13","4","0","4","0","0","0","75","30","45","1","0","1","0","0","0","2","2","0"
"262129","New College of Florida","2012","179","55","124","1","1","0","5","0","5","5","1","4","22","6","16","0","0","0","134","45","89","8","1","7","4","1","3","0","0","0"
"363934","University of Advancing Technology","2012","160","139","21","0","0","0","11","9","2","3","3","0","14","13","1","0","0","0","100","85","15","6","5","1","24","22","2","2","2","0"
"366252","Pennsylvania College of Technology","2012","1503","1048","455","9","8","1","15","12","3","24","20","4","29","14","15","2","2","0","1251","873","378","10","9","1","158","107","51","5","3","2"
"366553","Southwest Florida College","2012","789","195","594","3","0","3","8","3","5","100","30","70","145","42","103","1","0","1","431","100","331","86","17","69","12","2","10","3","1","2"
"366711","California State University-San Marcos","2012","2028","746","1282","12","4","8","222","92","130","51","16","35","440","132","308","10","6","4","929","340","589","39","17","22","282","117","165","43","22","21"
"366748","Argosy University-Hawaii","2012","105","35","70","0","0","0","43","10","33","9","5","4","0","0","0","2","0","2","43","16","27","4","1","3","4","3","1","0","0","0"
"367024","Kaplan University-Des Moines Campus","2012","426","104","322","1","0","1","7","6","1","22","9","13","18","2","16","0","0","0","320","68","252","1","1","0","57","18","39","0","0","0"
"367884","Hodges University","2012","641","229","412","2","1","1","7","4","3","87","29","58","159","42","117","0","0","0","378","149","229","4","3","1","4","1","3","0","0","0"
"367909","Everest University-Lakeland","2012","250","46","204","0","0","0","2","0","2","60","11","49","39","7","32","0","0","0","139","25","114","4","2","2","6","1","5","0","0","0"
"367936","Argosy University-Atlanta","2012","438","97","341","1","1","0","6","3","3","310","61","249","0","0","0","0","0","0","100","26","74","5","1","4","16","5","11","0","0","0"
"368601","ITT Technical Institute-Norfolk","2012","350","214","136","0","0","0","5","2","3","131","64","67","12","8","4","0","0","0","53","36","17","0","0","0","149","104","45","0","0","0"
"369905","Bryant & Stratton College-Eastlake","2012","206","28","178","1","0","1","1","0","1","73","3","70","6","2","4","0","0","0","120","21","99","2","1","1","3","1","2","0","0","0"
"372213","University of Phoenix-Online Campus","2012","91962","27634","64328","708","193","515","1469","487","982","14709","3257","11452","6161","1976","4185","672","218","454","39928","12358","27570","417","132","285","25665","8153","17512","2233","860","1373"
"372222","University of Phoenix-San Diego Campus","2012","873","389","484","11","6","5","58","33","25","72","40","32","189","70","119","25","7","18","197","100","97","1","1","0","303","124","179","17","8","9"
"372958","Remington College-Honolulu Campus","2012","375","106","269","1","1","0","116","35","81","16","8","8","40","12","28","120","28","92","27","11","16","51","10","41","3","1","2","1","0","1"
"377555","University of Washington-Bothell Campus","2012","980","429","551","7","2","5","115","99","16","51","16","35","57","22","35","3","2","1","628","233","395","7","1","6","81","42","39","31","12","19"
"377564","University of Washington-Tacoma Campus","2012","960","180","780","4","1","3","154","64","90","82","28","54","78","21","57","4","1","3","469","6","463","15","1","14","147","56","91","7","2","5"
"380465","University of Phoenix-Utah Campus","2012","678","330","348","4","1","3","12","7","5","5","3","2","20","9","11","2","0","2","392","185","207","0","0","0","238","123","115","5","2","3"
"381617","Baker College of Port Huron","2012","332","95","237","4","0","4","0","0","0","8","4","4","8","3","5","1","0","1","311","88","223","0","0","0","0","0","0","0","0","0"
"381741","Remington College-Colorado Springs Campus","2012","127","22","105","2","0","2","1","0","1","24","3","21","21","6","15","0","0","0","77","13","64","2","0","2","0","0","0","0","0","0"
"381787","Westwood College-Denver South","2012","117","48","69","3","1","2","2","0","2","1","1","0","39","13","26","0","0","0","61","30","31","6","2","4","5","1","4","0","0","0"
"381909","ITT Technical Institute-San Bernardino","2012","487","377","110","0","0","0","12","12","0","26","19","7","228","170","58","0","0","0","102","84","18","0","0","0","119","92","27","0","0","0"
"384254","Beacon College","2012","32","15","17","0","0","0","0","0","0","1","1","0","1","0","1","0","0","0","30","14","16","0","0","0","0","0","0","0","0","0"
"385619","Everglades University","2012","296","180","116","3","2","1","9","5","4","38","18","20","41","29","12","1","1","0","198","120","78","2","2","0","1","1","0","3","2","1"
"386472","Herzing University-Winter Park","2012","129","43","86","0","0","0","0","0","0","25","4","21","33","13","20","0","0","0","48","20","28","8","3","5","15","3","12","0","0","0"
"390701","Everest University-South Orlando","2012","1418","259","1159","8","2","6","14","1","13","335","54","281","359","75","284","5","1","4","531","91","440","23","1","22","141","34","107","2","0","2"
"398130","Mt Sierra College","2012","32","26","6","0","0","0","4","3","1","2","1","1","14","13","1","0","0","0","10","7","3","0","0","0","2","2","0","0","0","0"
"399869","Southern California Institute of Technology","2012","372","318","54","0","0","0","85","63","22","21","18","3","173","157","16","1","1","0","70","61","9","18","15","3","4","3","1","0","0","0"
"399911","Soka University of America","2012","95","35","60","0","0","0","17","7","10","4","4","0","7","3","4","0","0","0","8","4","4","5","2","3","7","2","5","47","13","34"
"402615","Colorado Technical University-Sioux Falls","2012","278","100","178","1","1","0","0","0","0","15","12","3","6","2","4","1","1","0","240","76","164","3","3","0","12","5","7","0","0","0"
"404073","Baker College of Auburn Hills","2012","738","184","554","6","0","6","18","6","12","96","29","67","30","11","19","1","0","1","586","137","449","0","0","0","1","1","0","0","0","0"
"404082","Baker College of Clinton Township","2012","943","244","699","9","4","5","12","3","9","147","34","113","18","4","14","0","0","0","752","197","555","0","0","0","5","2","3","0","0","0"
"404648","Baker College of Cadillac","2012","315","80","235","0","0","0","0","0","0","1","0","1","1","1","0","0","0","0","309","78","231","0","0","0","4","1","3","0","0","0"
"405979","University of Phoenix-Southern Arizona Campus","2012","433","173","260","9","3","6","5","2","3","25","16","9","119","47","72","2","0","2","131","48","83","0","0","0","134","55","79","8","2","6"
"405988","University of Phoenix-Colorado Campus","2012","524","179","345","1","1","0","6","2","4","34","12","22","43","13","30","1","0","1","242","78","164","5","3","2","190","70","120","2","0","2"
"405997","University of Phoenix-Albuquerque Campus","2012","847","282","565","10","3","7","4","0","4","14","6","8","477","146","331","4","2","2","79","27","52","1","0","1","245","92","153","13","6","7"
"406006","University of Phoenix-Bay Area Campus","2012","366","157","209","2","2","0","25","7","18","49","21","28","34","12","22","14","7","7","60","31","29","2","1","1","160","64","96","20","12","8"
"406015","University of Phoenix-Southern California Campus","2012","2135","710","1425","7","2","5","115","43","72","267","83","184","442","133","309","39","14","25","318","137","181","5","1","4","864","278","586","78","19","59"
"406194","Westwood College-Dupage","2012","135","71","64","0","0","0","2","1","1","16","5","11","39","18","21","0","0","0","64","39","25","7","4","3","7","4","3","0","0","0"
"406547","City College-Gainesville","2012","196","29","167","0","0","0","0","0","0","93","12","81","15","1","14","0","0","0","86","16","70","2","0","2","0","0","0","0","0","0"
"407285","Minnesota School of Business-Brooklyn Center","2012","121","35","86","3","1","2","13","3","10","24","9","15","3","2","1","0","0","0","36","11","25","3","0","3","39","9","30","0","0","0"
"409698","California State University-Monterey Bay","2012","997","393","604","6","3","3","55","20","35","35","11","24","282","85","197","8","1","7","475","215","260","26","6","20","104","50","54","6","2","4"
"413848","ITT Technical Institute-Oxnard","2012","155","126","29","1","0","1","11","8","3","3","3","0","66","51","15","0","0","0","29","24","5","0","0","0","45","40","5","0","0","0"
"414160","Baker College of Jackson","2012","392","80","312","1","0","1","0","0","0","28","10","18","2","0","2","3","1","2","358","69","289","0","0","0","0","0","0","0","0","0"
"414708","Baker College Center for Graduate Studies","2012","1223","389","834","3","3","0","27","15","12","173","37","136","33","16","17","0","0","0","952","306","646","0","0","0","35","12","23","0","0","0"
"414823","Johnson & Wales University-North Miami","2012","472","184","288","1","0","1","11","7","4","89","29","60","80","21","59","0","0","0","94","44","50","1","0","1","152","73","79","44","10","34"
"414878","Trine University-Regional/Non-Traditional Campuses","2012","185","51","134","1","0","1","2","0","2","20","5","15","6","3","3","0","0","0","142","40","102","1","0","1","13","3","10","0","0","0"
"416962","University of Phoenix-Las Vegas Campus","2012","591","197","394","4","2","2","24","5","19","109","24","85","81","23","58","17","5","12","189","75","114","2","1","1","154","56","98","11","6","5"
"419509","University of Phoenix-Sacramento Valley Campus","2012","618","197","421","5","1","4","36","9","27","83","24","59","71","23","48","18","6","12","192","66","126","0","0","0","199","63","136","14","5","9"
"420006","Everest University-Melbourne","2012","283","50","233","2","0","2","3","1","2","63","15","48","44","7","37","0","0","0","161","26","135","6","0","6","3","0","3","1","1","0"
"420042","University of Phoenix-Hawaii Campus","2012","173","80","93","1","1","0","38","14","24","10","6","4","10","7","3","33","12","21","28","18","10","3","3","0","48","19","29","2","0","2"
"420307","Virginia College-Birmingham","2012","1498","227","1271","3","0","3","1","1","0","617","79","538","15","3","12","0","0","0","348","82","266","19","4","15","493","57","436","2","1","1"
"420316","Virginia College-Huntsville","2012","305","60","245","1","1","0","3","2","1","126","19","107","3","1","2","0","0","0","163","34","129","3","1","2","6","2","4","0","0","0"
"421018","University of Phoenix-Metro Detroit Campus","2012","257","75","182","2","0","2","3","0","3","117","22","95","1","0","1","1","0","1","34","16","18","1","1","0","95","35","60","3","1","2"
"428259","Ottawa University-Milwaukee","2012","141","42","99","0","0","0","3","1","2","22","6","16","9","1","8","0","0","0","96","30","66","0","0","0","11","4","7","0","0","0"
"428268","Argosy University-Tampa","2012","157","41","116","2","0","2","7","3","4","60","18","42","1","1","0","0","0","0","73","18","55","1","0","1","13","1","12","0","0","0"
"430087","Colorado Technical University-Greenwood Village","2012","259","138","121","2","2","0","19","13","6","17","6","11","21","9","12","1","1","0","91","45","46","8","4","4","100","58","42","0","0","0"
"432199","DeVry College of New York","2012","137","99","38","1","1","0","17","11","6","48","35","13","39","30","9","0","0","0","23","17","6","0","0","0","5","2","3","4","3","1"
"432232","University of Phoenix-Central Florida Campus","2012","269","98","171","0","0","0","4","2","2","58","24","34","46","19","27","1","0","1","53","22","31","0","0","0","93","29","64","14","2","12"
"432241","University of Phoenix-Oregon Campus","2012","150","69","81","1","1","0","1","1","0","5","2","3","6","2","4","3","3","0","93","38","55","0","0","0","34","21","13","7","1","6"
"432384","Platt College-Ontario","2012","279","97","182","1","0","1","3","1","2","29","10","19","186","62","124","1","1","0","48","18","30","7","3","4","4","2","2","0","0","0"
"433536","Herzing University-Kenner","2012","127","21","106","0","0","0","1","1","0","71","7","64","8","0","8","0","0","0","32","9","23","4","0","4","11","4","7","0","0","0"
"433660","Florida Gulf Coast University","2012","2415","903","1512","9","2","7","41","17","24","109","32","77","311","100","211","5","2","3","1870","720","1150","39","17","22","8","3","5","23","10","13"
"434414","Michigan Jewish Institute","2012","5","1","4","0","0","0","0","0","0","0","0","0","0","0","0","0","0","0","5","1","4","0","0","0","0","0","0","0","0","0"
"434539","City College-Miami","2012","121","45","76","1","0","1","2","1","1","43","13","30","71","29","42","0","0","0","4","2","2","0","0","0","0","0","0","0","0","0"
"434946","University of Phoenix-South Florida Campus","2012","491","138","353","0","0","0","9","0","9","127","23","104","95","35","60","2","0","2","20","6","14","4","1","3","184","62","122","50","11","39"
"434955","University of Phoenix-North Florida Campus","2012","250","102","148","0","0","0","3","0","3","95","23","72","14","10","4","1","1","0","54","27","27","1","1","0","81","39","42","1","1","0"
"434964","University of Phoenix-West Florida Campus","2012","181","70","111","1","0","1","2","2","0","47","11","36","21","9","12","0","0","0","59","28","31","1","1","0","45","18","27","5","1","4"
"434982","University of Phoenix-Oklahoma City Campus","2012","108","33","75","4","1","3","0","0","0","29","6","23","4","1","3","0","0","0","30","10","20","0","0","0","40","14","26","1","1","0"
"434991","University of Phoenix-Tulsa Campus","2012","82","29","53","6","3","3","1","1","0","12","3","9","3","3","0","0","0","0","30","9","21","0","0","0","29","10","19","1","0","1"
"436191","Vatterott College-Sunset Hills","2012","323","228","95","2","0","2","4","4","0","59","39","20","3","3","0","0","0","0","220","167","53","9","5","4","26","10","16","0","0","0"
"436438","Argosy University-Orange County","2012","218","56","162","2","1","1","28","9","19","35","9","26","6","2","4","0","0","0","97","23","74","5","3","2","45","9","36","0","0","0"
"436483","National American University-Bloomington","2012","81","19","62","2","1","1","7","3","4","22","4","18","1","1","0","0","0","0","43","9","34","1","1","0","5","0","5","0","0","0"
"437848","Westwood College-Anaheim","2012","232","124","108","0","0","0","13","10","3","5","3","2","150","71","79","0","0","0","40","24","16","18","12","6","6","4","2","0","0","0"
"438151","Stevens-Henager College-Murray","2012","628","180","448","8","1","7","12","3","9","40","11","29","54","10","44","8","2","6","404","124","280","1","0","1","101","29","72","0","0","0"
"438382","University of Phoenix-Southern Colorado Campus","2012","125","60","65","3","1","2","1","1","0","9","6","3","15","11","4","0","0","0","56","27","29","0","0","0","39","14","25","2","0","2"
"438416","University of Phoenix-West Michigan Campus","2012","20","4","16","0","0","0","0","0","0","3","0","3","1","0","1","0","0","0","6","1","5","0","0","0","10","3","7","0","0","0"
"438498","Stratford University","2012","587","318","269","2","0","2","307","210","97","131","47","84","40","24","16","1","1","0","84","30","54","3","1","2","19","5","14","0","0","0"
"438586","American InterContinental University-Atlanta","2012","420","155","265","2","0","2","7","1","6","232","84","148","13","3","10","0","0","0","25","12","13","8","5","3","133","50","83","0","0","0"
"438601","American InterContinental University-South Florida","2012","259","106","153","0","0","0","3","2","1","114","42","72","102","42","60","0","0","0","9","5","4","7","5","2","24","10","14","0","0","0"
"439057","Argosy University-Seattle","2012","124","34","90","2","0","2","14","6","8","11","4","7","1","0","1","0","0","0","89","22","67","2","0","2","5","2","3","0","0","0"
"439163","DeVry University-Florida","2012","634","395","239","3","3","0","16","12","4","164","94","70","184","107","77","5","2","3","228","158","70","5","4","1","21","9","12","8","6","2"
"439288","Johnson & Wales University-Denver","2012","492","185","307","4","2","2","13","4","9","14","2","12","39","17","22","0","0","0","216","80","136","1","0","1","199","78","121","6","2","4"
"439297","University of Phoenix-Cleveland Campus","2012","93","26","67","0","0","0","1","0","1","36","9","27","1","0","1","0","0","0","18","8","10","0","0","0","36","9","27","1","0","1"
"440147","Westwood College-River Oaks","2012","139","55","84","1","1","0","0","0","0","90","29","61","21","10","11","0","0","0","17","7","10","5","3","2","5","5","0","0","0","0"
"440299","Everest College-Ontario Metro","2012","341","116","225","0","0","0","16","3","13","39","21","18","217","74","143","2","2","0","59","12","47","7","3","4","1","1","0","0","0","0"
"440466","University of Phoenix-Idaho Campus","2012","73","27","46","0","0","0","2","1","1","0","0","0","6","2","4","0","0","0","49","17","32","0","0","0","15","6","9","1","1","0"
"440484","Westwood College-Inland Empire","2012","238","109","129","0","0","0","6","2","4","18","11","7","151","66","85","0","0","0","35","16","19","14","6","8","14","8","6","0","0","0"
"440536","DeVry University-Virginia","2012","181","133","48","1","1","0","12","9","3","78","56","22","15","11","4","1","0","1","63","51","12","4","2","2","5","3","2","2","0","2"
"440545","DeVry University-Washington","2012","162","109","53","1","0","1","14","8","6","17","13","4","13","11","2","4","1","3","105","73","32","6","3","3","1","0","1","1","0","1"
"440590","DeVry University-Colorado","2012","258","166","92","2","1","1","10","5","5","27","16","11","31","15","16","1","1","0","174","122","52","4","0","4","8","6","2","1","0","1"
"440767","National American University-Brooklyn Center","2012","90","22","68","1","0","1","11","1","10","21","10","11","1","0","1","0","0","0","52","11","41","0","0","0","4","0","4","0","0","0"
"441186","San Diego State University-Imperial Valley Campus","2012","254","74","180","0","0","0","1","0","1","1","0","1","210","63","147","0","0","0","19","4","15","3","2","1","20","5","15","0","0","0"
"441900","Nevada State College","2012","272","71","201","4","1","3","20","10","10","17","3","14","48","10","38","2","1","1","153","38","115","24","5","19","4","3","1","0","0","0"
"441937","California State University-Channel Islands","2012","1123","425","698","10","4","6","76","32","44","12","5","7","327","102","225","4","2","2","518","211","307","35","10","25","135","55","80","6","4","2"
"442143","University of Phoenix-Kansas City Campus","2012","67","34","33","0","0","0","0","0","0","13","6","7","2","2","0","1","0","1","26","17","9","0","0","0","21","6","15","4","3","1"
"442152","University of Phoenix-Atlanta Campus","2012","223","71","152","1","1","0","0","0","0","121","31","90","6","2","4","1","1","0","12","5","7","0","0","0","75","29","46","7","2","5"
"442578","Minnesota School of Business-Plymouth","2012","111","23","88","1","0","1","0","0","0","4","1","3","0","0","0","0","0","0","89","20","69","3","1","2","14","1","13","0","0","0"
"442639","Potomac College-VA Campus","2012","6","2","4","0","0","0","0","0","0","4","2","2","1","0","1","0","0","0","1","0","1","0","0","0","0","0","0","0","0","0"
"442718","National American University-Overland Park","2012","66","7","59","2","1","1","0","0","0","9","3","6","0","0","0","0","0","0","53","3","50","0","0","0","2","0","2","0","0","0"
"442824","DeVry University-Pennsylvania","2012","277","148","129","0","0","0","16","12","4","108","39","69","19","10","9","1","1","0","121","83","38","6","2","4","5","1","4","1","0","1"
"443410","DigiPen Institute of Technology","2012","135","110","25","1","0","1","10","9","1","1","1","0","8","7","1","1","1","0","68","59","9","8","3","5","18","15","3","20","15","5"
"443465","University of Phoenix-Wichita Campus","2012","21","5","16","0","0","0","0","0","0","8","2","6","2","0","2","0","0","0","3","0","3","0","0","0","8","3","5","0","0","0"
"443687","Westwood College-Chicago Loop","2012","163","75","88","0","0","0","4","1","3","94","36","58","30","16","14","0","0","0","15","7","8","18","15","3","2","0","2","0","0","0"
"443881","University of Phoenix-Columbus Georgia Campus","2012","94","25","69","0","0","0","1","1","0","53","12","41","1","1","0","1","0","1","6","0","6","1","1","0","30","9","21","1","1","0"
"443890","University of Phoenix-Memphis Campus","2012","117","29","88","0","0","0","1","0","1","65","10","55","0","0","0","0","0","0","11","7","4","0","0","0","38","11","27","2","1","1"
"443997","DeVry University-Nevada","2012","59","35","24","0","0","0","6","5","1","7","4","3","12","6","6","0","0","0","32","19","13","0","0","0","2","1","1","0","0","0"
"444167","Baker College of Allen Park","2012","519","113","406","1","0","1","0","0","0","153","19","134","20","7","13","5","4","1","338","82","256","0","0","0","2","1","1","0","0","0"
"445072","Westwood College-Atlanta Midtown","2012","118","50","68","0","0","0","0","0","0","100","41","59","2","0","2","0","0","0","8","4","4","5","4","1","3","1","2","0","0","0"
"445276","Westwood College-Northlake","2012","116","44","72","0","0","0","7","3","4","79","29","50","1","1","0","0","0","0","9","4","5","4","2","2","16","5","11","0","0","0"
"445300","University of Phoenix-Jersey City Campus","2012","19","10","9","0","0","0","0","0","0","2","0","2","4","3","1","0","0","0","4","4","0","0","0","0","7","1","6","2","2","0"
"445319","University of Phoenix-Minneapolis/St Paul Campus","2012","22","14","8","0","0","0","0","0","0","3","2","1","0","0","0","0","0","0","13","8","5","0","0","0","5","3","2","1","1","0"
"445391","University of Phoenix-Louisville Campus","2012","12","7","5","0","0","0","0","0","0","5","3","2","0","0","0","0","0","0","4","2","2","0","0","0","3","2","1","0","0","0"
"445434","Everest University-Orange Park","2012","421","155","266","3","2","1","8","2","6","141","60","81","31","13","18","3","1","2","215","68","147","16","7","9","4","2","2","0","0","0"
"445708","Johnson & Wales University-Charlotte","2012","819","324","495","4","1","3","13","6","7","164","49","115","22","8","14","1","0","1","295","131","164","1","1","0","302","121","181","17","7","10"
"445717","University of Phoenix-Central Valley Campus","2012","393","114","279","2","0","2","12","4","8","31","9","22","112","28","84","4","1","3","96","28","68","1","1","0","126","41","85","9","2","7"
"445920","Minnesota School of Business-Waite Park","2012","244","56","188","4","2","2","2","1","1","0","0","0","3","1","2","0","0","0","208","45","163","2","0","2","25","7","18","0","0","0"
"445939","Minnesota School of Business-Shakopee","2012","96","16","80","0","0","0","1","0","1","1","0","1","3","0","3","0","0","0","76","11","65","4","3","1","11","2","9","0","0","0"
"446048","Ave Maria University","2012","153","72","81","1","0","1","4","3","1","3","0","3","20","9","11","0","0","0","110","53","57","0","0","0","15","7","8","0","0","0"
"446640","Harrisburg University of Science and Technology","2012","41","25","16","0","0","0","0","0","0","9","6","3","3","1","2","0","0","0","29","18","11","0","0","0","0","0","0","0","0","0"
"446677","Stevens-Henager College-Logan","2012","85","33","52","1","0","1","1","1","0","0","0","0","11","3","8","0","0","0","72","29","43","0","0","0","0","0","0","0","0","0"
"447069","Westwood College-Arlington Ballston","2012","76","41","35","0","0","0","1","1","0","58","28","30","6","5","1","0","0","0","6","4","2","3","1","2","2","2","0","0","0","0"
"447272","Argosy University-Los Angeles","2012","119","27","92","0","0","0","8","2","6","28","8","20","2","0","2","0","0","0","50","12","38","3","0","3","28","5","23","0","0","0"
"447661","University of Phoenix-Northern Nevada Campus","2012","87","25","62","2","1","1","1","1","0","4","2","2","8","2","6","0","0","0","50","10","40","0","0","0","21","8","13","1","1","0"
"447670","Minnesota School of Business-Rochester","2012","205","49","156","1","0","1","2","1","1","0","0","0","3","2","1","0","0","0","151","33","118","0","0","0","48","13","35","0","0","0"
"447689","Georgia Gwinnett College","2012","340","140","200","2","2","0","41","24","17","43","19","24","31","10","21","0","0","0","196","75","121","5","2","3","19","6","13","3","2","1"
"448309","Shorter University-College of Adult & Professional Programs","2012","771","173","598","49","12","37","0","0","0","461","74","387","15","3","12","4","2","2","191","68","123","0","0","0","46","12","34","5","2","3"
"448628","Westwood College-Annandale","2012","85","41","44","0","0","0","6","2","4","39","18","21","13","7","6","0","0","0","20","11","9","6","2","4","1","1","0","0","0","0"
"448734","Argosy University-Denver","2012","104","41","63","1","0","1","6","4","2","12","2","10","0","0","0","1","0","1","76","32","44","0","0","0","8","3","5","0","0","0"
"448752","College America-Colorado Springs","2012","211","53","158","1","1","0","5","1","4","33","10","23","35","8","27","3","1","2","128","30","98","0","0","0","6","2","4","0","0","0"
"448840","University of South Florida-St. Petersburg Campus","2012","889","337","552","3","1","2","30","10","20","40","9","31","76","31","45","0","0","0","709","272","437","3","0","3","18","6","12","10","8","2"
"449870","University of the West","2012","46","23","23","0","0","0","12","7","5","1","1","0","2","0","2","0","0","0","6","4","2","0","0","0","0","0","0","25","11","14"
"449898","South University-Tampa","2012","166","45","121","3","0","3","16","5","11","23","4","19","8","2","6","3","1","2","97","28","69","5","2","3","11","3","8","0","0","0"
"449931","Averett University-Non-Traditional Programs","2012","579","197","382","4","0","4","11","6","5","211","52","159","14","4","10","0","0","0","306","120","186","0","0","0","32","14","18","1","1","0"
"450492","University of Phoenix-Chattanooga Campus","2012","16","3","13","0","0","0","0","0","0","6","1","5","0","0","0","0","0","0","6","2","4","0","0","0","4","0","4","0","0","0"
"450508","DeVry University-Michigan","2012","16","11","5","0","0","0","2","2","0","10","6","4","0","0","0","0","0","0","4","3","1","0","0","0","0","0","0","0","0","0"
"450526","Argosy University-Inland Empire","2012","154","42","112","1","0","1","5","2","3","39","11","28","4","0","4","2","0","2","59","14","45","4","1","3","40","14","26","0","0","0"
"450544","Argosy University-San Diego","2012",,,,,,,,,,,,,,,,,,,,,,,,,,,,,,
"450933","Columbia Southern University","2012","3910","2696","1214","23","16","7","218","113","105","694","369","325","190","123","67","2","1","1","2045","1532","513","26","19","7","711","522","189","1","1","0"
"451060","Digital Media Arts College","2012","52","36","16","0","0","0","1","0","1","5","4","1","9","7","2","0","0","0","30","19","11","2","1","1","3","3","0","2","2","0"
"451750","Bryant & Stratton College-Wauwatosa","2012","270","39","231","0","0","0","6","0","6","61","3","58","13","4","9","0","0","0","179","31","148","2","0","2","9","1","8","0","0","0"
"454184","The King’s College","2012","58","22","36","0","0","0","1","1","0","0","0","0","0","0","0","0","0","0","55","19","36","0","0","0","0","0","0","2","2","0"
"454582","Ottawa University-Online","2012","191","66","125","8","7","1","3","2","1","13","6","7","3","2","1","0","0","0","153","46","107","0","0","0","11","3","8","0","0","0"
"455770","Providence Christian College","2012","9","4","5","0","0","0","0","0","0","0","0","0","0","0","0","0","0","0","8","4","4","0","0","0","0","0","0","1","0","1"
"456490","Polytechnic University of Puerto Rico-Orlando","2012","45","30","15","0","0","0","0","0","0","0","0","0","44","29","15","0","0","0","0","0","0","0","0","0","1","1","0","0","0","0"
